,0,1,2,3,4
1301skj,0.5082776952697938,0.23999001904393083,0.06600414370561747,0.1455027884001615,0.040225353580496365
1100j0u,0.21886361517491068,0.21548262021124565,0.08263159586089872,0.4651904877422792,0.017831681010665797
0G00r5c,0.1586571246321084,0.3222778337774622,0.26274439089547486,0.22175735962084353,0.034563291074111054
1202v5m,0.27366581324158273,0.30552552221540286,0.04706269967928192,0.30021055633874016,0.07353540852499232
0C01365,0.3303802054432794,0.21817081199819427,0.2471696903761989,0.09406779431729363,0.11021149786503384
1302gp2,0.3926025215496374,0.3557302870359895,0.10378564319839637,0.1094216880734577,0.0384598601425191
0T00ted,0.14143342833761463,0.1289704015064554,0.07827513226732327,0.10941549749325617,0.5419055403953505
0U01og8,0.12621202356012226,0.13053868490692727,0.6130577810762343,0.07357056730162222,0.05662094315509386
12030n2,0.2257125120510569,0.20241683557987245,0.05078817575069467,0.08527563060009509,0.4358068460182809
0W00632,0.09393279347537908,0.4117926711921056,0.08030252281423012,0.1765405963328587,0.2374314161854265
1000mdu,0.12143952511822882,0.25893169993044884,0.1642528287358019,0.24541912377615732,0.20995682243936303
0602sqq,0.3316655467041297,0.076755575679501,0.2363180716626772,0.28120459145118,0.07405621450251215
13028ek,0.4547928630183209,0.16018907724892273,0.06427534536737828,0.2687221355710188,0.052020578794359264
130204c,0.17240936668161033,0.09048252781916627,0.1987371722954305,0.06407510274481545,0.47429583045897744
1301li6,0.48387263531551217,0.17629697181078635,0.13495246267458327,0.13115542930721613,0.07372250089190194
0J00lhb,0.45195202283058006,0.14716759145118985,0.10102835087972734,0.2337067248485634,0.06614530998993937
0600umh,0.08503139493189184,0.15729637376319844,0.10825390147171399,0.09281049619566703,0.5566078336375286
0K024sv,0.2693526894906862,0.07730998201799343,0.47985400026647607,0.06172264616606228,0.11176068205878203
0701790,0.12814190562257063,0.22965009079623488,0.38454376377412236,0.1827704649689002,0.07489377483817186
1301cla,0.5617982287957886,0.15029972763093252,0.17607991862844544,0.06159617096901227,0.050225953975821275
0A018t9,0.16429245826035072,0.16152675272327832,0.2502134461821458,0.3562531788404242,0.06771416399380091
1301sj1,0.2389432361039854,0.5257900084652858,0.07531132428610626,0.11768670677586386,0.04226872436875871
0G016hn,0.11037059981926242,0.5762908406469207,0.04493710291583315,0.24844949206071734,0.019951964557266392
0F02qrc,0.4694072778879133,0.14783230767356492,0.23643325295891426,0.09973441940644022,0.04659274207316735
1302oal,0.42184910157502026,0.25717185761528183,0.07415091095302656,0.21060986913242297,0.036218260724248434
13019db,0.25511890537401966,0.2147630647386484,0.20267503328190473,0.2773792435017868,0.050063753103640474
0W0291g,0.3958110144987128,0.11768458620535471,0.05335156284317824,0.07643538161118,0.35671745484157424
1301j5u,0.5279545643750426,0.2985156502365165,0.03901556060072211,0.06087414573328924,0.07364007905442953
0G00v22,0.44866291775308154,0.21712816902257093,0.0786862877079777,0.14592167684064938,0.10960094867572048
0B02gv8,0.497094309596287,0.06353587070637245,0.1330159393233015,0.24159849573199144,0.06475538464204769
1301qv8,0.11448285666697758,0.2330389514149539,0.46599715357309557,0.06937355225683454,0.11710748608813848
0A00e04,0.1494761370074033,0.6361014357936101,0.08995222475107481,0.0955298185189164,0.028940383928995395
1301mu0,0.17311964398930438,0.36431106659089085,0.07550849591713403,0.29290412753323514,0.09415666596943563
0601nug,0.1029848047718881,0.059252909408125234,0.7519054580095885,0.07026906500578727,0.015587762804610971
0H01tsg,0.08635701400486093,0.23010396577826242,0.09809263647091343,0.5757923103556649,0.009654073390298203
0K02hh8,0.3033621229802034,0.26712050417340016,0.19648754173821462,0.11131965731600874,0.12171017379217308
130254f,0.11084191030645289,0.36023952069092596,0.052130624839326054,0.42456578399886846,0.052222160164426684
1301hni,0.23929551499358537,0.3251757689217238,0.10444698287981853,0.2805520136530234,0.05052971955184887
1302ckn,0.28764299013469435,0.25064771777883355,0.06596099667704446,0.3189707633800424,0.07677753202938531
0F02ani,0.11201948507541185,0.6708726247710728,0.04695162909500496,0.09921258080555828,0.07094368025295214
0B01mh6,0.2560763325336854,0.14328882344703234,0.3920415477439952,0.09357969472035214,0.11501360155493487
13000jf,0.383840635517012,0.2769717789996591,0.2467815166430659,0.052977670584099225,0.03942839825616377
130270h,0.5259953380466449,0.254687024683276,0.07594893983261287,0.09148998071869123,0.051878716718775
0H027kj,0.27700190693822124,0.47356181250031626,0.11307255497463417,0.07925957688561382,0.05710414870121442
0Y030tm,0.06934880786259273,0.15684214285629305,0.6194942720364036,0.13089220758410605,0.023422569660604343
13024l3,0.0830656721332353,0.5607346351757868,0.11134233626322826,0.17723215362553285,0.06762520280221662
0B0119v,0.248370427637236,0.37598972410412357,0.11629797039565354,0.1652230820795056,0.09411879578348137
0M0249t,0.34637175868114334,0.09531915967296556,0.04158550407279455,0.14447894400996486,0.3722446335631317
0B00id8,0.2034307412138923,0.26886502921426714,0.340247277425117,0.16384360086134447,0.023613351285379072
0C021tr,0.31135470872398885,0.15995147173525454,0.03357186638358185,0.46354360393222477,0.03157834922494994
0R008j9,0.3664046056448712,0.12021609171957481,0.061489650617186135,0.14980552313753856,0.3020841288808293
13002gs,0.5762291676425757,0.16941793657153115,0.06984420602974065,0.13706750418073563,0.047441185575416905
0K00a53,0.3985519397380992,0.10085630547910623,0.10202333127743866,0.19720673065870192,0.20136169284665406
0M026e8,0.32035624073988017,0.14536477915623114,0.08327001529623726,0.15958625113139557,0.29142271367625594
1301q0t,0.22079311757931697,0.5237776771027718,0.07058277087698428,0.13123281760605124,0.05361361683487567
0G01rk7,0.5460174843992626,0.14798477597940513,0.1821879561020754,0.07075173832536252,0.053058045193894426
12030o2,0.24420628301314762,0.0800649831129353,0.041408861011263745,0.3384735930356237,0.2958462798270296
0G0112e,0.41974336486008723,0.12201626717811768,0.11559146819363342,0.326466221349174,0.016182678418987677
0700lci,0.1164979237204164,0.09605880105680226,0.7080178484212062,0.052039589247091955,0.027385837554483226
1301c9p,0.23218921476674104,0.10420269964285708,0.29374917870384476,0.35177375888815604,0.018085147998401056
0G01n62,0.5803102046080931,0.18081770907491046,0.0494197743383228,0.16232022642553517,0.02713208555313834
0W01dcr,0.2981747584044282,0.12327088710169268,0.04981968700743081,0.051875919265118475,0.47685874822132984
1301quh,0.4472721980407783,0.1235465062796931,0.07365133948245514,0.062150869005776904,0.2933790871912966
1301s8a,0.1735801000173455,0.23937475997330673,0.09590924477831865,0.408856020930524,0.08227987430050518
0A01fjn,0.2679679482588558,0.04783328508361112,0.5088506018890483,0.15579719389743474,0.01955097087105001
0T00nsl,0.07512921012378898,0.4182046757887258,0.040120615503383104,0.1999092893749202,0.26663620920918196
0M023ha,0.42444091488142566,0.07746339233428916,0.21669495906891673,0.08474695424617996,0.19665377946918855
1000pb2,0.13036296166066286,0.1876206283336754,0.4693122256656158,0.16249858628351466,0.05020559805653126
13019dp,0.4076228952859429,0.0872281679691305,0.2995956708591798,0.07008291006242336,0.1354703558233234
0R015sp,0.06672798315486629,0.0795581688191738,0.6444320669791387,0.18274560691814784,0.02653617412867334
0F027v6,0.23077587666945226,0.0726182873938023,0.413841962333113,0.16262286726140257,0.12014100634222993
0F02dj3,0.23762494219276614,0.23908590229061388,0.17470742555184438,0.20737693507236704,0.1412047948924085
0G02hvg,0.5451371972969882,0.24208243714834862,0.05400673276329291,0.07574355446084638,0.08303007833052387
1301lhp,0.186570881185007,0.34749088801445416,0.06228621116650128,0.34726244818270546,0.056389571451332034
0302kvt,0.28854649603420623,0.11167620252104926,0.3576512906078555,0.09771313804444273,0.14441287279244625
13027oq,0.5601063955218963,0.08846573315764342,0.05605920286435103,0.23913450130212338,0.056234167153985694
0w01had,0.06685509323721728,0.07294648851571714,0.6063794002251001,0.23052162748091282,0.02329739054105271
1300nvp,0.519236014025495,0.2596204544727315,0.05700124617976576,0.1256558174906764,0.03848646783133137
0F001pb,0.6485162955501385,0.17876399431235512,0.04784669009727644,0.05910619050904207,0.06576682953118787
1302j63,0.25361517237077236,0.08645847473040744,0.13633500017595795,0.06884697870600924,0.4547443740168531
1301fki,0.07385157773162528,0.11144310554022453,0.054039681592377445,0.03188288695648273,0.72878274817929
1202v5a,0.5847932491896094,0.14565706091728486,0.09462401518058942,0.14160226293051278,0.03332341178200346
0202dsj,0.05842975640090129,0.06792570730758399,0.7978941091187762,0.05494884840729871,0.02080157876543976
1302n31,0.2040416933702376,0.05286001433876892,0.054592521896525414,0.051848851044459354,0.6366569193500087
0H02hr7,0.11458106085983441,0.22097414242262461,0.03810595311300074,0.13554368760542324,0.49079515599911694
0T00oj2,0.11021210948587867,0.4240207989057973,0.09172936247600877,0.2744108429893477,0.09962688614296752
0H007us,0.5323423585802176,0.1236114535430735,0.06503673333685223,0.19407377783654994,0.0849356767033067
0B005e2,0.23423461117475539,0.49468373478770344,0.07837108734805508,0.16090888929332992,0.03180167739615612
0000p01,0.09341540518985465,0.129834822988423,0.48080847242275215,0.2818124515574859,0.0141288478414843
0C0283q,0.14764726994738303,0.37676022322891306,0.11953190299865248,0.1309623596398538,0.22509824418519758
0W02i9c,0.22628381081449217,0.0836785796437024,0.024882833395542578,0.1497268641341605,0.5154279120121024
0G0030n,0.12101523473949348,0.18178424940869295,0.12413494885483445,0.5244543462573887,0.04861122073959044
0K01phn,0.2541184670501726,0.2113756229019837,0.28835196615424763,0.08949013367319145,0.15666381022040454
1202v82,0.3065998532397892,0.3777792297539162,0.14608304992180735,0.11878076018631882,0.05075710689816832
0R00uic,0.14488152481728878,0.37957534723790554,0.07862618132084218,0.3337368866002282,0.06318006002373534
0T01sdr,0.08318372299442117,0.3629025333689368,0.061778305629750105,0.32891959881782246,0.1632158391890695
130236b,0.37855196588027074,0.1580997081080149,0.054600767075628255,0.38157823959958653,0.027169319336499558
0R020pi,0.09250588443015562,0.4675617439883317,0.09584530970272878,0.23300741424242039,0.11107964763636353
1202osk,0.19600273492466913,0.3459326980160581,0.2073990271807788,0.20557795459324255,0.045087585285251516
0J02ace,0.11542331240401853,0.42158775663577003,0.0955996231906009,0.1719312039020962,0.19545810386751433
1302had,0.34303895272199453,0.12070807171594669,0.1919360507747217,0.03289332374445965,0.3114236010428775
1302lq4,0.35612525855440436,0.21371368048662695,0.08313946154453881,0.08566824029538596,0.2613533591190439
1301j60,0.27585355563787983,0.3862985517226536,0.1078913843335662,0.1963517857178556,0.03360472258804471
1302jtq,0.1912026846890723,0.11607466183517802,0.0445909719552081,0.058139415885169014,0.5899922656353727
0C0285c,0.037641012953156736,0.08762723013714507,0.7657016891554969,0.09161147522448602,0.017418592529715227
0G02s7s,0.07151781794717821,0.4330227644153574,0.1513325556657466,0.2739657096022884,0.07016115236942938
1000euc,0.07165800174878965,0.29894863098508223,0.38109319780990447,0.048176224341211146,0.20012394511501252
0Y00lj2,0.16360634972602045,0.1316214229896909,0.20264881191144293,0.09049355536849296,0.4116298600043527
1302oau,0.549569397997787,0.1684628773674554,0.0400201004123975,0.08763926983679095,0.15430835438556909
0K021vf,0.1337408609396527,0.27651230221460577,0.2685508539680227,0.24752556345020305,0.07367041942751576
0C01q1a,0.46209457521258174,0.3180576153815013,0.09310569991903354,0.07210138919365669,0.05464072029322677
0C01mkr,0.1721478286412155,0.4825296208314277,0.20721405900048112,0.0919545717675225,0.04615391975935316
1302vl3,0.18912288989185522,0.15187631454405714,0.4334867914808851,0.12146382095830638,0.10405018312489611
1302a9c,0.5509407495386826,0.12606326737207674,0.05527725714234467,0.2408116401919669,0.02690708575492919
1302lpp,0.44253624702693883,0.08380822524755664,0.10087017116409956,0.1002293376797337,0.2725560188816713
0M009e1,0.38225204777509914,0.10145293260523902,0.20210517298031294,0.28527055949067964,0.028919287148669252
0M01glg,0.5247698018622335,0.14823885803452147,0.10836643432768996,0.16459842589602627,0.05402647987952876
13027no,0.08016433678617581,0.730119759696922,0.0610623969873211,0.10028887171788683,0.028364634811694236
0B02e6a,0.47275427875358494,0.1575967182404266,0.16897445745339484,0.1262018532620534,0.07447269229054017
0F00atr,0.43369943806095357,0.17363383513686945,0.19630204464146508,0.1743253703868644,0.022039311773847527
0G00n0o,0.35081252387274253,0.09986787703609291,0.04448749686676372,0.4650732175674265,0.03975888465697437
0F02app,0.13438083758231278,0.3535656727903813,0.4263114792217675,0.06828586323518071,0.017456147170357747
0F021ds,0.5141185908603653,0.07062533807442849,0.11489369764124757,0.21062544313606507,0.08973693028789356
1301ija,0.24337175838380304,0.5134948291907862,0.07389836360797801,0.09639563382852204,0.07283941498891092
0H0148p,0.376674631663678,0.19343754877869207,0.1524861695255374,0.07979776662168618,0.19760388341040647
0Y006cl,0.08750850880011701,0.38938870787234936,0.254988802890572,0.0866413697135285,0.18147261072343307
1301hlt,0.19419941683350023,0.0948223667907652,0.07462561292673996,0.03440474179963039,0.6019478616493643
1302eeq,0.176436289566581,0.25041322648012876,0.22146858035626338,0.1061370644197901,0.24554483917723677
0301ve2,0.2134152087138006,0.39164530116583673,0.2091930850596826,0.08765544240219068,0.09809096265848932
0J02066,0.12221707357256692,0.06740427792931104,0.5946757462435337,0.1553032549902182,0.06039964726437015
0A00utd,0.10554266448424171,0.06989385589559138,0.2709648490315836,0.49314127245265527,0.06045735813592805
1302ao4,0.48933186037152376,0.09709730901051647,0.0728211317397778,0.05307780998576885,0.2876718888924131
1302ko4,0.4468609685614179,0.12117326960405866,0.06838309609576766,0.18396694689310888,0.17961571884564692
0Y01tif,0.41945216126181073,0.1154958903305604,0.32280565213591356,0.0639977424237444,0.07824855384797093
1000n4n,0.1911790188629216,0.370671085548768,0.12050978473985602,0.292927670710767,0.024712440137687513
1202unf,0.33409827453021906,0.08208564523488904,0.3252982574655251,0.10217721240876121,0.15634061036060562
1301sii,0.37989266525104165,0.16935775480280624,0.04529992537317709,0.37745128933305494,0.02799836523992004
0C01721,0.09553467158708465,0.4731275483148034,0.25046409038751194,0.1244476614938661,0.05642602821673388
1301v3h,0.3577940913433073,0.25686043366864353,0.05332393589151362,0.2648607238121395,0.0671608152843961
0K02st1,0.13135073272075592,0.37693279593461015,0.10269997011072007,0.3047508160248469,0.08426568520906695
0H02cde,0.280858022516399,0.18221164594344735,0.053408605941947754,0.03713173489268035,0.4463899907055255
0A00tc0,0.5267099426766455,0.1720202823727234,0.09168061211745926,0.17272471115603272,0.03686445167713915
1301tv6,0.18459472019051082,0.3948372558155551,0.052776590150681785,0.3506220585663007,0.017169375276951643
0801le9,0.07983592097876717,0.19734586701812706,0.6039033612339857,0.09351802666099607,0.025396824108124005
1202qag,0.0748142621813177,0.5570775110193208,0.059561012358085405,0.12111651756264141,0.1874306968786347
1301mbg,0.24028547103379053,0.4285893773497509,0.07933971368493899,0.14090754816245035,0.11087788976906932
0R00aba,0.23157689564877884,0.21697682654488737,0.0544727860563651,0.10814781365651313,0.38882567809345553
1302451,0.33038987298741884,0.3668036451661546,0.08423028854329515,0.09462880104992266,0.12394739225320876
0B02erj,0.16644883637182742,0.42356560455360354,0.18104331846547994,0.20546004581322913,0.023482194795860032
0A0270f,0.2511726486642603,0.13868935172958088,0.06365645813510591,0.10433680884293539,0.4421447326281175
0M0118n,0.31693640660772127,0.10358309777924017,0.27587626367840223,0.09219649361823379,0.21140773831640244
0U02cc3,0.16474387414210803,0.3086117488881535,0.36335958114382905,0.11881580653170115,0.04446898929420824
10002n3,0.27812290413622515,0.19962328579032185,0.35813591870506123,0.07813094956755362,0.0859869418008381
13023ef,0.20670209220438354,0.5762172055250318,0.03512831326629102,0.11210002321448387,0.06985236578980987
0B018f8,0.23161886509761517,0.06690899695071066,0.11638950693118283,0.4829493433025942,0.1021332877178971
13007d1,0.4695662247121033,0.1667141605399878,0.13305060973964974,0.2110200493957441,0.019648955612515007
0B0222n,0.36738728431209344,0.16142541774538807,0.0774349752505693,0.37565137682488114,0.018100945867068043
0Y00g3k,0.14777386868910097,0.08690720016393441,0.44581320414244335,0.2859532810441323,0.03355244596038894
0C00lp1,0.08473723965998634,0.19738792479715145,0.2774121285466208,0.37979938668299834,0.0606633203132431
0601mh7,0.0861366930295476,0.09178881362114188,0.7090832121713644,0.09034427281772357,0.02264700836022258
0A00cnp,0.15342746331692325,0.1830227714386084,0.11855779951520845,0.3878697887556648,0.1571221769735951
13023fm,0.5163424965072994,0.20935526195949794,0.031668827762294294,0.1798402745372695,0.062793139233639
13000j3,0.5058916232851827,0.19968499293038192,0.13753021292267972,0.09350380076764592,0.0633893700941098
0301kjg,0.07628584787647745,0.16444471739155742,0.5967440709503086,0.13438037281062923,0.028144990971027392
0T026cp,0.07943099546350951,0.08580776478554054,0.03018677522723057,0.07345480740256422,0.7311196571211551
0M024pb,0.07337431412165685,0.5363985972125416,0.08897487433944312,0.2265729312246247,0.07467928310173376
0G003je,0.11492838306470124,0.5409270867395769,0.06203047177938756,0.2621674099138125,0.019946648502521758
0M00pnl,0.4191672100317767,0.05340576440763545,0.03430307108857514,0.20120176461792913,0.2919221898540836
0A015h2,0.14310709861086338,0.5461708434277234,0.1590061514633806,0.11895717329910643,0.032758733198926276
0T02qea,0.09180948613629242,0.25753709544619185,0.08109271616154157,0.05488284012898206,0.5146778621269921
1301ii9,0.5675127095526271,0.16428273470400692,0.06341157705508937,0.08050184767776625,0.12429113101051037
0Y00nr6,0.11903724123538063,0.5537103125648883,0.09923403122120367,0.09791240403049324,0.1301060109480342
0U00lcp,0.07540759414066926,0.07854600964138557,0.09365077187883547,0.05929735776391865,0.693098266575191
10004fs,0.22196868714908213,0.10636948851994696,0.37723690384373004,0.11624130043476286,0.17818362005247795
1301qm4,0.2956732297125325,0.0917831536336738,0.08403281153901965,0.0831886843173142,0.44532212079745986
13016if,0.34798266505707165,0.19662227535568327,0.07533622580258872,0.35940301453378476,0.020655819250871572
06008be,0.11075750604210327,0.1921362057765387,0.47872470494250396,0.21139315130232889,0.006988431936525223
0A031kn,0.3418098605396305,0.07032671424888674,0.17152205392543313,0.3284020384593884,0.08793933282666125
1301v4e,0.08902039320544328,0.244681912929388,0.13427220444403587,0.19334009700600074,0.3386853924151321
1302m1r,0.1614056931923074,0.08832715090828326,0.06845765310868795,0.24384207739591215,0.4379674253948092
0M01e0j,0.13910084519657825,0.27145043473464303,0.09151357597937133,0.4871385399661199,0.010796604123287465
1301rkq,0.22160757628185784,0.16694680176213877,0.03241961673348337,0.07557297731429544,0.5034530279082245
0A01kc4,0.18846616845187578,0.49194951485659577,0.14526116562444727,0.1272700976156087,0.04705305345147253
0C00mbq,0.4251897316909036,0.25899586403017394,0.21157413585074286,0.06664431915426523,0.037595949273914325
1300olo,0.42027536964297213,0.12163018483378868,0.284395577973626,0.1608669013395852,0.012831966210028016
0H015g4,0.1332213880100617,0.1472320816157771,0.3158769071528929,0.1994678938243738,0.2042017293968944
1301rlq,0.5328053219998312,0.12290063623860872,0.05676067155026097,0.16055589561630856,0.1269774745949905
0W029bd,0.1708738725457184,0.08541405220344744,0.0497099070811123,0.04703776951501588,0.646964398654706
0H014nv,0.39654145128551177,0.14781401033931496,0.09791552591074182,0.2745875336894334,0.08314147877499797
0H02utm,0.1294488890411909,0.6430554819883656,0.05290408812362522,0.15524783777804319,0.019343703068775066
13022k8,0.37873708124213123,0.2667801828414903,0.09509250869002653,0.08786790441113246,0.1715223228152194
130234l,0.5133151548582393,0.11838553604006669,0.14520172860962158,0.20017471265707748,0.022922867834994816
1302g47,0.0687199055373992,0.31178767210710967,0.09943839996466738,0.30079904515165956,0.21925497723916412
130235b,0.1764076713686641,0.26312768028740435,0.19225571117541743,0.3544601371015072,0.013748800067006958
12030jp,0.29997295670743374,0.07933980706754992,0.18325878120820083,0.0654012838434207,0.37202717117339484
0302jej,0.24803821481033225,0.11507661447897052,0.14759877988210063,0.48208619346662096,0.007200197361975656
0M00m5a,0.5219762333165818,0.23174331101814172,0.045114924307512794,0.15745570068882472,0.04370983066893909
1301t9c,0.56557068612673,0.20512660133050958,0.044333566848113716,0.08720964803709952,0.09775949765754718
0C0060i,0.17779397378905648,0.1262632745843545,0.19165161466793534,0.3989320621608473,0.10535907479780642
13021j5,0.2480131805700323,0.17294907182779445,0.4395787119568564,0.047247975605442506,0.09221106003987438
0C025sk,0.3345488034566507,0.23079517404337047,0.04528613015457432,0.31565158926085035,0.07371830308455414
0H00bg5,0.19445651054927665,0.32232198309409865,0.12010085988275777,0.17375461603442083,0.1893660304394461
1301tch,0.1378302597135583,0.646974546069573,0.07039157557081824,0.0842800840433403,0.06052353460271014
0U02cco,0.09637312195544581,0.13018369369662333,0.6153125630693925,0.11059786410174566,0.04753275717679277
1302phc,0.21655536521997304,0.407045340339413,0.15923526641937594,0.18437902213576918,0.03278500588546892
100021l,0.15922446584688893,0.10840821262444968,0.4870642260504616,0.19715755073434071,0.04814554474385908
0C00rvg,0.1466972697532705,0.4368005427458709,0.10612553515550223,0.298308467581582,0.01206818476377436
13025s8,0.12249844922862636,0.156634209499028,0.07898986701979716,0.08052648070883747,0.561350993543711
1302aad,0.23030256479046968,0.10891001452789476,0.05291649050443162,0.13174974789014665,0.4761211822870573
13022k2,0.35220676729926664,0.3147902531240047,0.1551529522692689,0.1311363211867283,0.04671370612073147
0F023au,0.32750453491675025,0.18666278631183544,0.1269985272115737,0.3325563265319672,0.026277825027873482
120316t,0.09975894170748975,0.5747570068583545,0.07074089170299529,0.1496093137343777,0.10513384599678273
0K0244h,0.3328947303854008,0.1298597568530464,0.043994303840929574,0.36165451319453484,0.13159669572608834
1302fa9,0.15733684191210145,0.36291224006762546,0.2639942954571903,0.17304820346658434,0.0427084190964985
0102fd2,0.033096888290865746,0.04546795459098221,0.8183169138570323,0.08065056657255745,0.02246767668856224
1302dio,0.31449225969188666,0.2865876965118509,0.09531063893952339,0.13651900739889064,0.16709039745784837
0A02k6i,0.10012317939962175,0.1438439675621965,0.03900714890152285,0.15948594120122736,0.5575397629354315
1301nd3,0.47795599467985295,0.220117999766563,0.14931967429369664,0.07469379198371758,0.07791253927616985
1302edd,0.13008106818833373,0.3780037135949928,0.07553537940547413,0.37699892900210485,0.03938090980909451
0M01n5v,0.06932425268006984,0.45669800950075834,0.08472554559633513,0.15876664444071603,0.2304855477821207
0J00841,0.5135882179418532,0.06959022001974147,0.03991850445395665,0.1733530625522785,0.20354999503217014
0F00u8e,0.28118496895065315,0.17856141542421772,0.06269561076391811,0.40946675228482143,0.06809125257638951
0W01dd7,0.06859502400250564,0.298523295340236,0.4848542761513167,0.10967336988575935,0.038354034620182276
0A00hb4,0.45904130069922033,0.19158504951109692,0.1657612699355307,0.1558301389542307,0.02778224089992134
0A01612,0.5096094234558588,0.12085169499240282,0.07678477779908209,0.23814925430184491,0.05460484945081142
0A00edq,0.3745879905891535,0.10484308737651507,0.07008944737695186,0.35819147551520886,0.09228799914217072
1301qve,0.07972644477409713,0.46866671812167704,0.0785738347076191,0.1237289461236028,0.24930405627300392
0A01bft,0.3950085004840932,0.39318324174101216,0.07000512431217806,0.10249503513233567,0.039308098330380854
0M0053r,0.6718508934167872,0.1278198949949085,0.07994385742011893,0.07830426412212078,0.042081090046064695
0S01f4a,0.0804194885991403,0.30228589713906795,0.30979000749070185,0.18788052878502487,0.11962407798606502
0B006ca,0.49396123077133847,0.13188365049107642,0.11067423969559628,0.20771020719989647,0.05577067184209232
0G00b5t,0.08504083715292184,0.6711861681174808,0.037147179397729616,0.18415854395214243,0.022467271379725293
0U00d54,0.09006069248756335,0.10038915645265734,0.025831227681095314,0.04417137992638422,0.7395475434522997
0H023dk,0.2705706329259984,0.1814468655056854,0.1748299775762011,0.3186595503281785,0.05449297366393657
0G018t8,0.38479057443811204,0.18866704309992488,0.08000709786980123,0.30680284468830005,0.03973243990386181
1201tab,0.10042297599596932,0.4574220200544037,0.11668928775483867,0.27517048002409106,0.05029523617069724
1301j4o,0.2532139763609703,0.2915233040833016,0.30586564462888627,0.07984122303579987,0.06955585189104195
0C006lk,0.46808488143529675,0.2648827327611816,0.0777064266998554,0.0905192761258366,0.09880668297782963
1302mlv,0.44904405272819925,0.10668501450475412,0.1066911385988421,0.07029082684983226,0.26728896731837226
0Y02589,0.307866220358399,0.1324978009615968,0.44349584973751627,0.043720463071842894,0.072419665870645
1202mph,0.31607578684908144,0.24357858607576272,0.31267278420397343,0.0775894581624742,0.05008338470870825
0A01b11,0.3410032969348066,0.08014605960145324,0.03695749881869733,0.09260207100456724,0.4492910736404756
0802bld,0.14194732462522575,0.16673596624730277,0.5165826057587295,0.14977545854301852,0.024958644825723394
0F02sho,0.47975602547290963,0.11700561561484543,0.05622879473469198,0.3041959976591925,0.042813566518360456
0K00lb4,0.2715775568284746,0.14709850731866836,0.06233591011420686,0.09831775870768648,0.4206702670309637
13028pm,0.12290987157926307,0.2075082311702075,0.04763946112108347,0.559503804354734,0.06243863177471192
1301cl7,0.15447097750554928,0.6357576300306849,0.08238019182736922,0.1036147017183472,0.02377649891804942
0J00d64,0.3264911994562292,0.0897903506557077,0.052064189008262145,0.04704531574593605,0.4846089451338649
0B027ag,0.4094857743518117,0.20443300474017606,0.056377427303075524,0.1974618706636357,0.13224192294130102
0702fpc,0.13862417240043537,0.09627474026538121,0.418384359972652,0.29770984640797366,0.0490068809535578
1302nsm,0.13298106220912612,0.6005111397707983,0.09331565181708748,0.10934402394609555,0.06384812225689253
0J01hlo,0.6385908370158189,0.182654508628515,0.06062421597972151,0.06532515382415685,0.05280528455178782
1302ie6,0.23030771196816185,0.21326405232691775,0.03864948413043996,0.0978914293094985,0.4198873222649819
0B00cgn,0.09462392126671158,0.2975205233205525,0.10718746227031511,0.47605717409402004,0.024610919048400803
0F008ie,0.616465952126262,0.16790746404376014,0.03543793572311786,0.14158700989176393,0.038601638215096046
0M02b8v,0.31952533106136716,0.06531489432966794,0.08030883483908122,0.47531242482528124,0.059538514944602355
0B017go,0.31222367990684463,0.15254234937241007,0.2331968435881068,0.07956610615502702,0.22247102097761157
0802hrg,0.13660915480723484,0.09898746414490053,0.6754354531947271,0.05608166244413145,0.032886265409006105
1001p5a,0.12395186777388895,0.06425001612818286,0.3981496021026981,0.37403233687866866,0.03961617711656142
1301f0b,0.2628476150568875,0.4410061142495581,0.16761476981259588,0.10180658653141539,0.02672491434954313
1301oqb,0.4501929642901477,0.16784980309219064,0.10531249576243099,0.22041681530942459,0.05622792154580615
1302is3,0.22411794830342038,0.25936535655307247,0.2131309648847451,0.07191886049094251,0.2314668697678195
13005tc,0.2833520250674887,0.42119712965426814,0.051789595946075566,0.16322781727959276,0.08043343205257493
0G01m4q,0.37113650396296477,0.19705288930172193,0.19233326429694875,0.20488971041336784,0.034587632024996685
0Y02bv3,0.060224083069083216,0.05852475108311157,0.6747498961782303,0.1880782901427118,0.018422979526863115
0A0020c,0.23835381729396143,0.23520886472709784,0.05197489334676027,0.254524073719152,0.21993835091302844
0C020c2,0.12575297143606098,0.606453635683386,0.08989226742545325,0.11925890906574749,0.05864221638935228
0M0020q,0.162243771412518,0.11720383977233959,0.3031043371451264,0.35867018287275626,0.05877786879725976
11000ag,0.07067362182836052,0.060161466562750274,0.7019116297849923,0.12563290348865447,0.04162037833524245
1302fsd,0.11770950681364904,0.06800316152860666,0.054456320545868346,0.11955832103241505,0.6402726900794609
0A00g2q,0.21743567183146692,0.11345900491203345,0.3804841629771924,0.047277548949686776,0.24134361132962046
1301c81,0.31239419099932875,0.11026221996594719,0.08630956954155414,0.227924570227301,0.263109449265869
0100uoo,0.05062199700756838,0.18473100044900687,0.6448167512961052,0.0967720210734741,0.02305823017384544
1301dsv,0.4909685573331109,0.26527342075572624,0.11246051365587523,0.09754300572157733,0.03375450253371031
0R006jd,0.2587244465338888,0.46886681755358495,0.07983597325965254,0.10216448910117576,0.09040827355169795
1301s5i,0.1584154687233531,0.311729980720863,0.2971841005823046,0.07542090545978414,0.1572495445136951
1301ncm,0.10292825646094542,0.34618188444067555,0.07178535099366021,0.41401276979982915,0.06509173830488965
0F00e1p,0.2998338054090951,0.16699346694648637,0.19262316422433315,0.27106651422494565,0.06948304919513977
0J00lnb,0.16017162038138433,0.14356865411060166,0.0798810137705763,0.3491961999027521,0.26718251183468555
0H003v3,0.20176336890762703,0.292146304309012,0.19647729693469973,0.17023742741649717,0.13937560243216401
0H01gnd,0.20554097992291687,0.17887216412790402,0.10825352083773093,0.4208580412588702,0.08647529385257796
0J028gf,0.16536780586798355,0.04569161542985963,0.038614664069979855,0.18033144882415156,0.5699944658080254
1301u09,0.441722163196082,0.22109125881278813,0.10149171541993679,0.14940798261602767,0.08628687995516542
0K011p8,0.17618702731103053,0.12251973370829435,0.06299598920012782,0.18492391094462532,0.453373338835922
0J02nf0,0.231043483830634,0.14968794643318764,0.06143301442123604,0.281277843513449,0.2765577118014933
0F00svd,0.4166271672512425,0.19914583790771145,0.10222916709742863,0.24512637045696428,0.036871457286653204
0G015l3,0.35695496773142243,0.2866893109170282,0.14470750407508032,0.1105099206172452,0.10113829665922379
0K02k2r,0.19565262654167906,0.41724649203931946,0.1065371417502331,0.16318668324565483,0.11737705642311357
0H00q15,0.36328184983168377,0.15573247102587295,0.14149849238848838,0.22373878297393462,0.11574840378002027
0J01poo,0.12114342266710806,0.3709665570611099,0.05721713841768806,0.18752995700558117,0.2631429248485128
0K01of3,0.22081408450326614,0.10654422694874616,0.09176146554650148,0.053320416708457954,0.5275598062930282
13019oe,0.10951081836367633,0.22559997755933925,0.539960402812913,0.08118227913389452,0.043746522130176754
1300196,0.37063524221695066,0.23031384431138519,0.21153855035312136,0.061225519488038435,0.12628684363050446
0A01j0g,0.5724033893224094,0.15562142820872182,0.13652426483965063,0.06597111402982175,0.06947980359939643
1301aju,0.1016165074880603,0.08064946957197681,0.03370486509442372,0.059024631595810714,0.7250045262497284
0M021uc,0.36182652407392557,0.12961294630909917,0.1573202515978674,0.07207492841592061,0.27916534960318723
0F02u02,0.19559393829576152,0.3354495124860243,0.07798304042892588,0.30742529438445676,0.0835482144048316
0F02g59,0.4816697613512886,0.08532035043773635,0.09458396864478219,0.30300225483858856,0.035423664727604304
0F00nk8,0.3019659861830135,0.31330952889958075,0.05302210186468478,0.3131146120425895,0.018587771010131364
0G01blp,0.6095489072420092,0.1892182652802662,0.03335336869054565,0.13679213359618655,0.031087325190992398
1301hm5,0.2575903190371513,0.23470940076416352,0.09364992503279057,0.09247666998535262,0.32157368518054197
130254j,0.2544459558093142,0.06305861737637443,0.07922458030723119,0.08262711308444988,0.5206437334226304
1301clh,0.5488850631216953,0.21930413472640928,0.08334260332392934,0.09863099636154213,0.04983720246642381
0B001qh,0.4695123269059679,0.12501722204397486,0.1558797922697252,0.119258838699179,0.13033182008115296
0Y02dvt,0.10423735549780656,0.37383762403547455,0.24252488894936158,0.10707007535218457,0.17233005616517272
0C02e1m,0.648070225552524,0.1792085620786566,0.07043779786941946,0.0811031739549095,0.021180240544490494
0S00508,0.10036220583855965,0.30147783050786975,0.05110169407374806,0.16027864554594273,0.3867796240338799
1302mm8,0.14023265258562234,0.22997023747424816,0.2056979264705936,0.07338130739590602,0.35071787607362986
130019m,0.29640362020055655,0.10472892200847003,0.050587482280326924,0.422858957356179,0.12542101815446755
0R02e5s,0.08707103644586563,0.46440757915229447,0.201894705027627,0.166933304066418,0.07969337530779494
0802fr9,0.07351893530681208,0.04929749336094845,0.7428042260570176,0.09166314286703038,0.04271620240819147
1302j6t,0.35559362017490587,0.07558192364336734,0.08375582884290797,0.07989110302393079,0.40517752431488807
0302qb2,0.08632605615618054,0.14085608590913612,0.5324652331333337,0.23211086692836322,0.008241757872986423
0802l8c,0.352885222621541,0.1366249162097931,0.1927273429193816,0.17360188491839237,0.14416063333089194
0J00cb9,0.49274674760444226,0.07979604750482908,0.12543166353945612,0.2085412156649975,0.09348432568627503
10003pa,0.10998014123323206,0.09750799705934857,0.6299662699161446,0.14393282242469085,0.01861276936658387
0H01hrf,0.6118061456201748,0.12506294962559758,0.07631457786894295,0.14847627415989706,0.038340052725387645
1301pv6,0.2508337156501513,0.3248277088074405,0.08958499278226581,0.2463914434768909,0.08836213928325154
1301f07,0.5444553171430713,0.2069696415885467,0.06035476069712628,0.14903158714513923,0.03918869342611647
0700ib5,0.06507652082688777,0.15073746946207564,0.649948939509771,0.10117701143889371,0.033060058762371954
1301qvn,0.18458360244567817,0.09901404105934411,0.23842843252019635,0.1481516730575672,0.32982225091721407
0Y01qt6,0.2150840102698317,0.10122215670365525,0.17058659183753505,0.38106067020532064,0.13204657098365744
1302j62,0.31847482455767395,0.09446249272962962,0.037583652490700406,0.05698169827142591,0.4924973319505702
0U002h1,0.287386257605143,0.10748001456669118,0.09252559324797585,0.14089504810140413,0.37171308647878576
1300moh,0.13902449780779697,0.16186181697755903,0.2002346455788234,0.38123230327116786,0.11764673636465275
0M004pa,0.12631535011583647,0.4357541824847182,0.05579736463929922,0.1836792513381188,0.19845385142202723
0A021cr,0.33317689861741767,0.09436752772435782,0.09996619155914731,0.3511780210795537,0.12131136101952347
0U023hc,0.07247356888329817,0.4809856555442522,0.1739096735897245,0.173819455495077,0.09881164648764812
0M02glt,0.20177545262058288,0.12973320208008662,0.25181532909385057,0.30071766707343,0.11595834913204991
0M01k5e,0.4808747707396295,0.06400958390252161,0.28602167527581523,0.11865780283578467,0.05043616724624915
0G02jbc,0.2744696871933583,0.29217758289925666,0.20306073429728289,0.18546223909955262,0.04482975651054947
1001mhl,0.04255988320802631,0.1010151986676012,0.7627505611248453,0.07995892227374643,0.013715434725780792
13005dk,0.4934014815539186,0.14715014296065926,0.05722115455012791,0.14758948849763298,0.15463773243766127
0M028o1,0.14271045530688656,0.18962848684857897,0.0974851400619119,0.2508072487228187,0.319368669059804
0J0038k,0.42579289117906477,0.13532424070365612,0.09799258593514026,0.11308940064145098,0.22780088154068784
0300kuc,0.05561861231206572,0.1384924119133974,0.6690044754734223,0.12018274406549789,0.016701756235616587
1000gtc,0.203499927710852,0.3340199420534369,0.2931441009758058,0.10913013853890569,0.0602058907209996
0A02spo,0.48205621351292793,0.2728224112635834,0.07601273579527108,0.09651197394429102,0.07259666548392661
0J02bg5,0.3345774215351447,0.10022408497478494,0.1632560469321411,0.3180017202918122,0.08394072626611704
0K00ooa,0.23368263011805118,0.1931657150800673,0.2661821819740579,0.26524410743183824,0.04172536539598535
0G02ppt,0.4902500802504083,0.06827331532108963,0.06633059116336747,0.2302518340944763,0.14489417917065836
0R02090,0.1724604040052622,0.26114499090142207,0.1767691353537999,0.08779922868693713,0.3018262410525787
1302e3u,0.45680894179433285,0.12942336679917216,0.170608416941323,0.15248404486659456,0.09067522959857742
13027o9,0.11900360003760155,0.49707255663619054,0.0642696064120945,0.24029425013034067,0.07935998678377265
1302fr3,0.2232271996407797,0.09422444577836614,0.06409748800189358,0.04606821292703976,0.5723826536519209
0C00otp,0.13332200354870832,0.35529228718174544,0.17309646158469566,0.3186322561771145,0.019656991507736022
13026hi,0.3157029839557151,0.21873485367680992,0.24548776986033258,0.10176437553582549,0.11831001697131689
0B010r1,0.16382911697810076,0.09462109313031664,0.13251185530308351,0.20983058083376172,0.3992073537547373
0201mog,0.2548591780219017,0.07435560554572136,0.5424197644927584,0.07644767708837755,0.05191777485124101
0M009hc,0.088901214582056,0.5943671726442562,0.12496936246196103,0.17888955989984512,0.01287269041188165
0R0103j,0.1421991159836251,0.21679450023827815,0.08235505109533224,0.3242860883387291,0.23436524434403544
0B01msg,0.28362465159538164,0.060419194242476736,0.13069026751426413,0.2398475416859921,0.28541834496188534
0602c4q,0.1793660521894528,0.06764630182662064,0.4545184704156007,0.25903092589297505,0.03943824967535089
1301tci,0.2821560778121984,0.44036938288373173,0.06962506288129577,0.16290203437901807,0.04494744204375599
0R00cid,0.26562661612413413,0.26620147190582294,0.16857177153361297,0.11920628099386857,0.1803938594425613
1302lpe,0.3208678901349523,0.09946804887804997,0.15983024944064378,0.05650507646085668,0.36332873508549723
0702gr9,0.15863384521018464,0.1396024929528063,0.39925480156825366,0.2670853052564541,0.03542355501230137
0301kbn,0.06579684012124135,0.07433239489470372,0.7413946313482916,0.09169894966148281,0.026777183974280392
13026jo,0.18282216522268002,0.37539362857766184,0.039022135081471405,0.3236717397512159,0.07909033136697083
1000oip,0.11558132320555231,0.07634956641290377,0.6326826940995207,0.15486277509264046,0.020523641189382807
1302m24,0.31035926638490025,0.06339561994518493,0.059567341083419774,0.040732686306549096,0.5259450862799459
0J02566,0.48652226782186714,0.06944779441712767,0.275912682797226,0.10281707988566911,0.06530017507811008
1300mt8,0.3758850386604057,0.32389301910203594,0.04331541152173333,0.12104498039089215,0.13586155032493286
0A01576,0.4693185064059421,0.1916642536332983,0.07833273875823024,0.19934844137287983,0.061336059829649514
0G02s7t,0.11683931274105513,0.41897418638199835,0.11793911885073999,0.11263188729341148,0.2336154947327951
13000hp,0.6098427053654105,0.1443944623338022,0.1265454427978909,0.0845651765230337,0.03465221297986275
0R01if8,0.09193414197322565,0.18083608604945425,0.08245105327505296,0.4826463900107753,0.16213232869149186
0R00alc,0.3292733209780361,0.19514152630608084,0.11324109325328709,0.13664630452024887,0.22569775494234717
1302424,0.14336789658932567,0.14931847714434537,0.3483960807009324,0.09914100294090558,0.259776542624491
0A016ob,0.3396560111472584,0.059652838701416556,0.12397541921238334,0.19303550341923442,0.2836802275197073
1302c70,0.4763504476030332,0.15028174390730498,0.036585472581299426,0.31508533635715896,0.021696999551203442
0F00qcs,0.3379284472948262,0.3820908514895748,0.0819153259628464,0.15257934840644238,0.045486026846310285
1301qh6,0.5102115880145668,0.1769927685324207,0.10290060180164509,0.06708874034881657,0.1428063013025508
09009dn,0.05811416642886686,0.0537923392474663,0.803392881654418,0.06675887026302105,0.01794174240622787
0000c0a,0.07514231591952811,0.26155272563454973,0.5662062719816336,0.05125128220417844,0.04584740426011002
