,0,1,2,3,4
1301skj,0.5384690703555497,0.20663550106446893,0.06357752317335987,0.15417369038813192,0.037144215018489635
1100j0u,0.25756925064119385,0.16568339975657592,0.07687702675878186,0.4832383345031105,0.01663198834033786
0G00r5c,0.13557716346856333,0.36086269937026494,0.2829794565284093,0.19013139834050174,0.030449282292260633
1202v5m,0.23283773940846197,0.31450071294927023,0.05494244500120105,0.33663124383613297,0.06108785880493375
0C01365,0.31015585994181205,0.2258757180810102,0.2852308580041685,0.0769229416542577,0.10181462231875162
1302gp2,0.35226837781526654,0.3858064916534649,0.11308762327336101,0.12161518608958591,0.02722232116832158
0T00ted,0.14028985943814762,0.1448288985204683,0.07989574592862092,0.09931181752614282,0.5356736785866203
0U01og8,0.10344737217611241,0.13605553699952405,0.6316105470582069,0.07657058995329931,0.05231595381285737
12030n2,0.18852149062161946,0.2632549728540576,0.05180397296479169,0.08730231276302303,0.4091172507965083
0W00632,0.10009182802737554,0.3909470984042403,0.08468817308462806,0.16368239210592,0.26059050837783615
1000mdu,0.11913663572925567,0.23796331398069048,0.16439442340326207,0.24352403450878507,0.23498159237800662
0602sqq,0.3242044319667546,0.08941507682590885,0.24167243663031795,0.2642488590206894,0.0804591955563291
13028ek,0.5421638124085043,0.12615179190026274,0.06143933747166906,0.22461886490387323,0.045626193315690705
130204c,0.18481988048554668,0.08951688758011579,0.1858441856436558,0.06398639989697277,0.475832646393709
1301li6,0.5553111569138104,0.13524213872680668,0.12660893635865053,0.10537811448554618,0.07745965351518623
0J00lhb,0.45530306874414483,0.17340146189590214,0.09126742154153511,0.229893424906789,0.050134622911628804
0600umh,0.08630510231889703,0.16033705382646518,0.13279982923350603,0.07765909994878414,0.5428989146723477
0K024sv,0.2911602653752435,0.06610272368695692,0.45883351129019967,0.07060657423262134,0.11329692541497857
0701790,0.15198698921596618,0.2051335144823287,0.3914736091798827,0.16670258485310072,0.08470330226872165
1301cla,0.5309965633180735,0.18184547955320135,0.18182151880349676,0.062215189305862395,0.043121249019365995
0A018t9,0.15355359755137904,0.17497056930736476,0.26045045543269485,0.33417892490074685,0.07684645280781448
1301sj1,0.19281997161569103,0.582978572517079,0.06430895995097285,0.1225619177989565,0.03733057811730065
0G016hn,0.12669602926107376,0.5861209679490581,0.03940116855588684,0.23324954859233415,0.01453228564164718
0F02qrc,0.42872134893573227,0.1631925332864264,0.2779210982947464,0.09164047513215039,0.03852454435094459
1302oal,0.33709227549507803,0.3180697079701288,0.08869471437759421,0.2242299361398935,0.03191336601730549
13019db,0.24595379780265084,0.22655454321244112,0.19368985176369047,0.28994849281618934,0.043853314405028224
0W0291g,0.36825266591173933,0.134092337163297,0.04651259295306523,0.07287805903169921,0.3782643449401992
1301j5u,0.5836083001857282,0.2540562764082587,0.03690118893523446,0.05907870030768986,0.06635553416308886
0G00v22,0.4917295907542624,0.20854887418540882,0.07442294311122749,0.12578437108704021,0.09951422086206109
0B02gv8,0.46574597344941576,0.059247133239916254,0.15224667937670866,0.25863361558654263,0.06412659834741671
1301qv8,0.11777509808553271,0.24560857623230684,0.45069016162781894,0.06918230603453131,0.11674385801981013
0A00e04,0.11456963014059462,0.6906294968579485,0.08107737243184356,0.09230278326511568,0.021420717304497648
1301mu0,0.18088971668114623,0.332031856051918,0.07427958410069446,0.3290837532850489,0.0837150898811924
0601nug,0.0988836713812047,0.04451181893810766,0.7696673269463613,0.07173353452041768,0.01520364821390877
0H01tsg,0.08967066405428366,0.21935313269730664,0.09233088334031254,0.5908009188086434,0.007844401099453715
0K02hh8,0.2946564574030641,0.23544987602903497,0.21209691758953095,0.1200040352886339,0.137792713689736
130254f,0.14199441787932573,0.39346037252226107,0.05011869492622942,0.3685979943857635,0.04582852028642031
1301hni,0.24992965000917722,0.2925995337235098,0.11486459040011697,0.28583044011479347,0.056775785752402594
1302ckn,0.28414023186380943,0.2557089535129048,0.08105785843402932,0.32118372937514794,0.057909226814108525
0F02ani,0.13720903385099517,0.6693137811556655,0.04534442456287779,0.08465124311694466,0.06348151731351685
0B01mh6,0.25897981851375784,0.14213899009595232,0.3950379437946771,0.07830895743340079,0.12553429016221196
13000jf,0.4175640325679505,0.2497645495496411,0.25489825627482904,0.046455790741735996,0.03131737086584341
130270h,0.4721815886746543,0.3208344355216682,0.07361369245212311,0.09286379428291655,0.04050648906863784
0H027kj,0.2898576085909907,0.47302867241201674,0.10401848472574601,0.07816414629673071,0.05493108797451577
0Y030tm,0.07582248577612224,0.1359142528935547,0.6063189628888372,0.16115987199588588,0.020784426445599916
13024l3,0.09176901613892752,0.49942538892185706,0.13184656183658217,0.19436791520766453,0.0825911178949688
0B0119v,0.22916709442772148,0.4247240581584859,0.11803134784066142,0.14479583997214732,0.08328165960098388
0M0249t,0.3648599006400074,0.0956524812162862,0.03847585090530975,0.13666860866724734,0.3643431585711493
0B00id8,0.17083711464359266,0.28827888605344737,0.33864089621730864,0.18414785358945165,0.018095249496199717
0C021tr,0.3616576488252514,0.12011981637752014,0.030694287779729032,0.45652260322903965,0.03100564378845978
0R008j9,0.3787015968711015,0.11477727514393718,0.06533782376605142,0.1308747159396662,0.3103085882792437
13002gs,0.5430516944428956,0.2054982532096683,0.07315350869448886,0.14370164043579323,0.034594903217154
0K00a53,0.40367682455936277,0.08787381218585966,0.11394060023815518,0.1873803815927642,0.2071283814238582
0M026e8,0.32479777573485213,0.1526402728375115,0.10602051799050599,0.14439492679090385,0.2721465066462265
1301q0t,0.22073986818061542,0.5015238207225539,0.07570423476589525,0.15499456325733085,0.04703751307360461
0G01rk7,0.5382235374895837,0.17200590877618258,0.18108434981822635,0.06419142089230528,0.044494783023702036
12030o2,0.24138391908077006,0.07276250358154408,0.0442688483061026,0.31397084174945555,0.3276138872821277
0G0112e,0.3928667413593817,0.1338163559539694,0.09957018836696277,0.3597493044422111,0.013997409877475069
0700lci,0.09371852344769246,0.0892012775977023,0.7344222270316961,0.05691698435444166,0.025740987568467478
1301c9p,0.23809492406724447,0.07196082848852547,0.30470296712598066,0.36590128752275525,0.019339992795494126
0G01n62,0.6456359971863359,0.1294034698771696,0.046153201644091084,0.15387850129846892,0.024928829993934396
0W01dcr,0.2822928512276607,0.10704264729114323,0.05063161350226317,0.04686174276358801,0.5131711452153449
1301quh,0.42632333333377403,0.1389987148742125,0.07206932015511727,0.06841662977851963,0.2941920018583766
1301s8a,0.17488109395506954,0.2473990541916145,0.09470268768353332,0.3982943275036811,0.08472283666610154
0A01fjn,0.231185678836836,0.037823021851588715,0.5532502896907316,0.15817738329830583,0.019563626322537702
0T00nsl,0.07887160995280032,0.4277903139775152,0.04128622535399144,0.19416830156608345,0.25788354914960954
0M023ha,0.3863576724134917,0.07585905861679125,0.24927507934908077,0.08130603873054158,0.20720215089009458
1000pb2,0.1175222156320643,0.16710841388887304,0.5042210234749424,0.15654352751670497,0.05460481948741531
13019dp,0.3982838135549114,0.09456099236835655,0.3121619494878677,0.07500093230914379,0.1199923122797206
0R015sp,0.06024837206425175,0.05704580266631624,0.6684471860678214,0.1921944452562857,0.022064193945324877
0F027v6,0.2662190662147771,0.06897085676554232,0.3983232879179195,0.17252538722822106,0.0939614018735401
0F02dj3,0.2072396834943407,0.26440744365849833,0.20578579390308088,0.18305719754237243,0.13950988140170767
0G02hvg,0.47195782950410636,0.3365759222391336,0.05759768233987596,0.06574632454192766,0.06812224137495655
1301lhp,0.20671290722458324,0.3309503047086796,0.07607750812174556,0.3352960173039834,0.05096326264100819
0302kvt,0.22870020603929841,0.1433639128301059,0.38960647820879635,0.10292222679231262,0.13540717612948655
13027oq,0.5647395112106082,0.10278323177615142,0.05224605088649588,0.23671578594588383,0.04351542018086079
0w01had,0.06399627346533185,0.05671739199133305,0.6245075046563007,0.2274112868799591,0.02736754300707541
1300nvp,0.5459963693640497,0.24309014011456961,0.06269121742171854,0.11916445923312265,0.029057813866539547
0F001pb,0.6227070731462117,0.2295085548648119,0.04253071813882854,0.04931025575034494,0.05594339809980292
1302j63,0.29567909116182506,0.07546259220786841,0.13404099045119516,0.0685552618387942,0.4262620643403171
1301fki,0.07368796344745623,0.0991968174518892,0.04788718297336332,0.025388982269568847,0.7538390538577222
1202v5a,0.5257466256071435,0.20664438224904508,0.10363286690938578,0.13345047876852328,0.03052564646590248
0202dsj,0.059562975825313294,0.05370932985473206,0.8052001075548177,0.060510519564719395,0.021017067200417558
1302n31,0.17942880331421213,0.052695290331244975,0.06122573140803988,0.04428921928295666,0.6623609556635465
0H02hr7,0.11346449800477107,0.2520682117455718,0.03972256593846807,0.15276212472294903,0.44198259958823993
0T00oj2,0.10692724021152428,0.42426750757582266,0.09679635170055993,0.27402138575974394,0.09798751475234921
0H007us,0.5037525978176647,0.15616506423665605,0.06540304646508346,0.2089007683815495,0.06577852309904622
0B005e2,0.2639744645056049,0.4613850719544824,0.08883232773995471,0.15831631107087973,0.027491824729078157
0000p01,0.08562151670520253,0.09855649496410171,0.4955332786638638,0.30957500455912956,0.010713705107702389
0C0283q,0.12307417945421166,0.4221939166625189,0.11982315259871254,0.0997610172552463,0.2351477340293107
0W02i9c,0.22292997279960808,0.0810786658662415,0.029217049261667,0.1445584440410642,0.5222158680314193
0G0030n,0.12997407323938823,0.19303342689366926,0.1259946469722214,0.5108369944387151,0.04016085845600595
0K01phn,0.2423427169413516,0.19441034307239025,0.2958986085845957,0.10278300921034018,0.16456532219132236
1202v82,0.2573651132862334,0.4556441320183148,0.1322328010742593,0.11176636584932505,0.042991587771867415
0R00uic,0.14624468835129947,0.42643996773967846,0.07760229323309721,0.28824672896911085,0.06146632170681398
0T01sdr,0.07679568637871463,0.3234452172054718,0.06488720292819933,0.36641494026993515,0.1684569532176791
130236b,0.39840403570209115,0.16203133160621364,0.050231922235309104,0.3607761127616328,0.02855659769475335
0R020pi,0.08483378247281832,0.44984906359158006,0.09491803667389503,0.2491629256438951,0.12123619161781145
1202osk,0.1837865729082026,0.2847024973242878,0.23094813248064305,0.2536856721223126,0.04687712516455396
0J02ace,0.1079214172490474,0.4338983349432839,0.09211857972513053,0.14664095734146465,0.2194207107410736
1302had,0.3811943556958647,0.10908586195946025,0.17777400974335222,0.02247526206751962,0.3094705105338032
1302lq4,0.4443364991113537,0.1483127060232437,0.07595983765784162,0.08769659112597825,0.24369436608158274
1301j60,0.26869656637156075,0.43795042868597256,0.1017042548915549,0.16398944266767496,0.02765930738323678
1302jtq,0.200210395971052,0.14201736763718104,0.05374582954168864,0.06750647525453156,0.5365199315955469
0C0285c,0.034452977554017626,0.08506480056179211,0.7669986371477575,0.1005334134259434,0.012950171310489292
0G02s7s,0.06660171566276095,0.41244438977269793,0.16798467005974643,0.2899800903432759,0.06298913416151876
1000euc,0.0681469742413836,0.33145889032591347,0.3556958628606922,0.04151017751764215,0.20318809505436858
0Y00lj2,0.1926369372408931,0.1235638058764745,0.19148391433902334,0.10594977525261547,0.38636556729099364
1302oau,0.5353327410603829,0.21795096177649942,0.03809637271761463,0.07634032670038406,0.13227959774511905
0K021vf,0.11888506852137587,0.27990994470613934,0.285250325666376,0.2414359812942708,0.07451867981183799
0C01q1a,0.5095113586207298,0.29296401959484386,0.09238420271171159,0.07069045220278797,0.03444996686992664
0C01mkr,0.17398285779152256,0.4966902664761856,0.21687249062121142,0.06997352489917222,0.042480860211908264
1302vl3,0.20749221930648132,0.18652164113350478,0.3959466581537864,0.11043861056164256,0.099600870844585
1302a9c,0.5474114841074911,0.10423722633871156,0.04589873465474018,0.27968242987068836,0.022770125028368834
1302lpp,0.4168371383070285,0.09801138703488074,0.10501789971084491,0.093492756802812,0.2866408181444339
0M009e1,0.37472740149939954,0.10877713683590882,0.21154745238362346,0.27711195516360676,0.027836054117461487
0M01glg,0.4771642512692861,0.1890269080923367,0.12681110826913836,0.1656414260913524,0.04135630627788643
13027no,0.09049056544698021,0.7234090252472638,0.06152899388342539,0.09953947241203581,0.025031943010294728
0B02e6a,0.4820131236174447,0.1715440498874949,0.18006807972284788,0.11486461545219386,0.051510131320018734
0F00atr,0.3907440706676708,0.171374815068024,0.22460548085946727,0.19561113957111498,0.017664493833722955
0G00n0o,0.37276729795289754,0.08209444588212005,0.04660048472555263,0.453597125583143,0.044940645856286696
0F02app,0.1294783537007625,0.40487216735981596,0.38328447940286425,0.0689147620093532,0.01345023752720408
0F021ds,0.47890126523649124,0.05869606793536877,0.12966793434183324,0.2382031958381523,0.09453153664815442
1301ija,0.25337270428476466,0.5161317890632079,0.07720949375146643,0.09046669585116801,0.06281931704939295
0H0148p,0.3807518976746399,0.2064869578800997,0.14070840844723742,0.0831972125469675,0.18885552345105555
0Y006cl,0.08580169988098443,0.39343129865336834,0.27077257740109334,0.07643042525179185,0.17356399881276197
1301hlt,0.18739819529271046,0.0888004642035351,0.08580257426727818,0.03670693665837116,0.6012918295781051
1302eeq,0.19514240726981225,0.259982625594578,0.20402959106801008,0.096992010824744,0.2438533652428556
0301ve2,0.21154464717017352,0.39609772423700174,0.1937638310665153,0.09783378935210343,0.10076000817420595
0J02066,0.14004506817483067,0.05458359121466517,0.5830892680968305,0.17582711372267268,0.04645495879100092
0A00utd,0.11140415268527466,0.049647627267836024,0.28429468757231163,0.5030080120448347,0.05164552042974303
1302ao4,0.4703782640879373,0.10797117919521154,0.07923234673959012,0.050142585799685106,0.2922756241775759
1302ko4,0.3937307924402872,0.12407974833195914,0.07731289480485848,0.2116865979796698,0.19318996644322542
0Y01tif,0.3374820570746533,0.1697587072095873,0.3412549328784872,0.06658225068987939,0.08492205214739287
1000n4n,0.21121990987456246,0.3670088145415137,0.11682867676647793,0.28406169742981857,0.020880901387627264
1202unf,0.3098999834783852,0.09617563747450075,0.3261683416784287,0.11885936318943911,0.1488966741792463
1301sii,0.42293599179539965,0.1204316556189012,0.04260870031521235,0.38160022137878924,0.032423430891697455
0C01721,0.10724153950402474,0.5097492871321635,0.22294966319930945,0.11160764222229949,0.04845186794220287
1301v3h,0.380998715893226,0.23599986467335615,0.05660544358325492,0.2682968487493874,0.058099127100775486
0K02st1,0.13895565241846236,0.4197336404428862,0.09680622084487839,0.257145197641235,0.08735928865253803
0H02cde,0.30745669444822965,0.18569311217010812,0.054671155866348284,0.03650432014585013,0.41567471736946393
0A00tc0,0.5913044462600335,0.14898769625809566,0.07490112981414906,0.1518100808774715,0.03299664679025032
1301tv6,0.23436236767694124,0.3798143144114764,0.05648079560254687,0.3138187962221173,0.015523726086918179
0801le9,0.07628092915623154,0.18623273014611536,0.5988878335542086,0.11424507541335446,0.02435343173009013
1202qag,0.08220553989029997,0.5311964182829154,0.060702843068146994,0.1454190355239856,0.1804761632346521
1301mbg,0.2438081035965407,0.4527726706097288,0.06933098232053438,0.13946181598455198,0.09462642748864414
0R00aba,0.23556971225025394,0.2501601091534919,0.05188507682317629,0.10259330540895452,0.3597917963641233
1302451,0.351201266890987,0.3809265709653653,0.0841073434172929,0.0935180317891995,0.09024678693715525
0B02erj,0.16226393716022286,0.4120103991132552,0.19428523214777982,0.21347550226703488,0.01796492931170729
0A0270f,0.26127907614643137,0.12842518919241216,0.05678836363257025,0.11227223065740255,0.4412351403711837
0M0118n,0.3312431665980591,0.08629560591593176,0.28556653736618953,0.08318052493264322,0.2137141651871764
0U02cc3,0.15602749236572255,0.2857710893606349,0.40091337519091375,0.11482482616942258,0.04246321691330625
10002n3,0.2957791315045706,0.1679164398580647,0.36777859230705046,0.06651315607249138,0.10201268025782281
13023ef,0.21451215945729846,0.581570347858243,0.03825783613144956,0.10998216162830032,0.05567749492470862
0B018f8,0.2595953944162988,0.05326777934115552,0.10119582508519023,0.4846326034033977,0.10130839775395781
13007d1,0.443578631406033,0.18925195495005015,0.1430021196522792,0.20668770475043113,0.017479589241206475
0B0222n,0.33712114167033547,0.18733563477957216,0.0818561611282455,0.38115962494067024,0.012527437481176662
0Y00g3k,0.1559140919250623,0.09511452032890358,0.45246526472831894,0.2584148515591644,0.038091271458550846
0C00lp1,0.09099252294584562,0.1935247482068183,0.2874708626036633,0.3554801886998571,0.07253167754381569
0601mh7,0.08695679373624668,0.1030260721443845,0.6816479039591543,0.10908999594550747,0.01927923421470707
0A00cnp,0.1451821326481475,0.1563099886955639,0.1184495021247549,0.39360332291976574,0.18645505361176798
13023fm,0.4850666831409158,0.22448050866182384,0.030805547277203207,0.19610021739017466,0.0635470435298824
13000j3,0.5263861333835639,0.19240504241141784,0.1379503497373429,0.09162874836604044,0.051629726101634854
0301kjg,0.07012961711175757,0.143655850572873,0.6361691185889526,0.12013875219361372,0.029906661532803084
0T026cp,0.07438472608722413,0.07393864944881387,0.028870177594326234,0.0612801229362621,0.7615263239333736
0M024pb,0.07593657265710309,0.5115392309162166,0.09305481610175785,0.23732472329845414,0.0821446570264683
0G003je,0.1303204454777591,0.51896452468296,0.0628597922499955,0.27247132787260575,0.015383909716679743
0M00pnl,0.4605000969004185,0.05185154416663308,0.034882015335890734,0.18787492311626552,0.2648914204807922
0A015h2,0.19396082923735558,0.4746884337932091,0.1910033336774717,0.10692777567407985,0.03341962761788377
0T02qea,0.09034991360629514,0.2837987282740393,0.0689881091708122,0.04582035883567136,0.511042890113182
1301ii9,0.5329785762346123,0.20585620885224273,0.06830633737598221,0.07735143012518592,0.11550744741197673
0Y00nr6,0.15389563966054193,0.49309396826068275,0.10602815645708573,0.09926122922922856,0.14772100639246113
0U00lcp,0.07362032090195127,0.06770038156157758,0.09416634893999323,0.0542099772233012,0.7103029713731768
10004fs,0.25435898516255656,0.0907932389189968,0.4023716772457229,0.12131956399617859,0.1311565346765451
1301qm4,0.30734759287541547,0.10144594865131637,0.10025585137106652,0.0746684968747473,0.4162821102274544
13016if,0.3886096268937705,0.1650552053213432,0.08573122943865026,0.34458438501362276,0.01601955333261328
06008be,0.0972633980428835,0.21989284609209936,0.4597384056459734,0.21878004931881104,0.004325300900232676
0A031kn,0.35216809548658035,0.07147025415649438,0.1653215027077662,0.31533488345156724,0.09570526419759189
1301v4e,0.07263302432268223,0.22624733046745063,0.16613212566183488,0.15705093024839714,0.37793658929963514
1302m1r,0.1530685679914078,0.08578963473865138,0.06942154774772863,0.25277489511966933,0.4389453544025429
0M01e0j,0.12664617727183827,0.26782716413575247,0.08761156954051116,0.511004203368312,0.006910885683586157
1301rkq,0.23701686822897283,0.17624250624668658,0.03929983237871305,0.07609639407711197,0.47134439906851555
0A01kc4,0.21740895700527046,0.47073461824075935,0.14696227899346753,0.12766901855501586,0.03722512720548676
0C00mbq,0.5006760570126236,0.2070625441420653,0.19674212601227364,0.06359005052930795,0.03192922230372939
1300olo,0.4109701673373039,0.1360019404420258,0.29908341477554456,0.1434306500003409,0.01051382744478477
0H015g4,0.1378359241857169,0.1725539836623225,0.29570954578729364,0.2001655936114345,0.1937349527532325
1301rlq,0.5347278175537129,0.11950161741395467,0.05530832234052177,0.15818513828635167,0.13227710440545903
0W029bd,0.15076862177734734,0.0873367765584287,0.05357336574601256,0.05045371473032784,0.6578675211878835
0H014nv,0.40822875699742955,0.12186802648879098,0.10590595633350265,0.2722126897507621,0.0917845704295147
0H02utm,0.11824027003360336,0.6456506518395407,0.058270638187822715,0.15910913950236946,0.018729300436663716
13022k8,0.4193811304034689,0.23449401312263227,0.09121800398201887,0.09952848049131571,0.1553783720005642
130234l,0.4647327184877581,0.14999219289197238,0.15605626366528658,0.2109516825844548,0.018267142370528074
1302g47,0.08288649687617326,0.3021775563115707,0.10773106011724773,0.290098967898769,0.2171059187962393
130235b,0.16648006717365899,0.3179123281113486,0.19229853159821586,0.3139889115449865,0.009320161571790098
12030jp,0.35699931561674236,0.06928521975802295,0.1592829382614816,0.0635786116046032,0.3508539147591499
0302jej,0.2559443087166785,0.09885704299990855,0.12249393359800376,0.5174743998609856,0.00523031482442365
0M00m5a,0.47429836082034355,0.28630761175786623,0.04548263098406332,0.16013498312037383,0.03377641331735311
1301t9c,0.5444122558881666,0.2519699715758739,0.04909282921386708,0.07596340056572662,0.07856154275636582
0C0060i,0.20081578844541975,0.09567761798527516,0.21566374816733494,0.37004546555142204,0.11779737985054806
13021j5,0.2132220123015766,0.21234940531267532,0.4453006517635975,0.04316657549695851,0.08596135512519204
0C025sk,0.3691325460966085,0.2293341434533145,0.042626395423656135,0.29638029247196745,0.06252662255445347
0H00bg5,0.19149685435337974,0.3123091716995009,0.11522246510728756,0.16214798745262018,0.2188235213872116
1301tch,0.1653612809582522,0.6233677286866702,0.07118690979232706,0.08349241051114874,0.05659167005160172
0U02cco,0.09024544667352076,0.07733484051941421,0.6821265119502298,0.10385429685131693,0.04643890400551834
1302phc,0.17029391439410052,0.44697605444951233,0.15883168293810118,0.19681423432326717,0.027084113895018785
100021l,0.16169262251048955,0.13052695498708522,0.4438449758485938,0.22008526951465907,0.04385017713917246
0C00rvg,0.1343709664328662,0.4253959832534317,0.12997993899632077,0.30302474204278806,0.007228369274593383
13025s8,0.13935653566211106,0.13199986346581966,0.07968010217591809,0.08013022933910227,0.5688332693570489
1302aad,0.17755991815813255,0.10103240012053062,0.04836172387610155,0.13923336704719613,0.5338125907980391
13022k2,0.3192916674403054,0.3733886291495433,0.1577989104373072,0.10879190592143653,0.04072888705140763
0F023au,0.321498670724352,0.21178196944253547,0.11635109600540215,0.33096586892281343,0.01940239490489685
120316t,0.0923075772476196,0.6050668825925819,0.06424489282306359,0.13314810878091415,0.10523253855582071
0K0244h,0.3154681138501182,0.12965758193003155,0.04608893456360986,0.3861880221968885,0.12259734745935186
1302fa9,0.15612207583803045,0.3469062416120636,0.277620323486547,0.1757764383241373,0.04357492073922165
0102fd2,0.031078666515960057,0.04031410747148634,0.8141575085567556,0.0904487754177597,0.024000942038038254
1302dio,0.3230704830894101,0.2738061392680242,0.0910790958883287,0.15203965992997268,0.16000462182426428
0A02k6i,0.11067993148337084,0.110360150240423,0.04075807128049688,0.15091869254793217,0.5872831544477771
1301nd3,0.4434649722262188,0.27034972327950424,0.15267061048011943,0.06284068650443315,0.0706740075097243
1302edd,0.13420236628385052,0.4132819147366552,0.07308382562488072,0.3420605151969411,0.03737137815767244
0M01n5v,0.06892364075292161,0.47409126493191334,0.09823794365479313,0.14753751015679725,0.2112096405035747
0J00841,0.5356563329332611,0.060666425845893414,0.035924144488532324,0.17199265155788693,0.1957604451744262
0F00u8e,0.3385210494629369,0.14812075679304987,0.05711987985881475,0.398251805385621,0.05798650849957754
0W01dd7,0.05286922813576003,0.29221006666337856,0.4829791421624459,0.12972097306707703,0.042220589971338415
0A00hb4,0.4639528431207906,0.1949969685965535,0.1688166532624289,0.15247254077507638,0.01976099424515068
0A01612,0.5587879250864862,0.11204634979258417,0.08428812578278011,0.1890772175340825,0.055800381804067024
0A00edq,0.391668935010962,0.08754890982092339,0.07996343737669885,0.3705364619741404,0.0702822558172754
1301qve,0.09611833218776311,0.4176170609562435,0.0870939571690798,0.11841128134728562,0.2807593683396279
0A01bft,0.4575471554950564,0.3463648053811492,0.07737575724642612,0.08443094538417337,0.034281336493194745
0M0053r,0.6164287694202506,0.17632819847521503,0.09427047810634469,0.0733981166930443,0.039574437305145316
0S01f4a,0.07504715442987211,0.2964774831504975,0.2874743535150675,0.21496632373306496,0.12603468517149793
0B006ca,0.45812767858733,0.15270141514678978,0.10824861250179943,0.2353691480652215,0.0455531456988592
0G00b5t,0.08655918376851994,0.6938802188688946,0.03763509325501399,0.16438610500526757,0.017539399102303805
0U00d54,0.08035938287966175,0.11124024138916005,0.02715928641729358,0.03469649629319481,0.7465445930206898
0H023dk,0.25528030086893394,0.19221861168060336,0.18459632443367982,0.3184142515574625,0.049490511459320374
0G018t8,0.39642161705550744,0.17259979767607336,0.09207676638914004,0.29721845679366055,0.04168336208561862
1201tab,0.12477742557943294,0.46154598457704155,0.1300823358348829,0.2387081562629697,0.04488609774567294
1301j4o,0.20158148162764822,0.32112278605269406,0.3290177534726136,0.07521358042433007,0.073064398422714
0C006lk,0.4738726055005096,0.28622989250297226,0.07903519207573523,0.083487380590586,0.07737492933019684
1302mlv,0.4763806572385851,0.1052228035030481,0.08451568332692082,0.06860741403912367,0.2652734418923222
0Y02589,0.29609145643425294,0.12913186157101092,0.4360404956666841,0.04156917821195774,0.09716700811609422
1202mph,0.3413136369292943,0.27739904796131565,0.2684075194435827,0.0784238418659807,0.03445595379982659
0A01b11,0.3230378217634512,0.07775715483881485,0.03924996274220214,0.08871560597366143,0.47123945468187034
0802bld,0.1251064981476016,0.17158574164714552,0.5353663607974055,0.1447066326759941,0.023234766731853235
0F02sho,0.5153187423219102,0.11222346645543452,0.05170274290500132,0.2860657448549404,0.034689303462713525
0K00lb4,0.279774981180813,0.17411267159750776,0.061000398457872314,0.07867955847155428,0.4064323902922526
13028pm,0.14019361108309794,0.17953986878101594,0.04302725749976643,0.5781946075843192,0.05904465505180062
1301cl7,0.16556336801533922,0.6526082730593263,0.06755711721503295,0.09306130419207577,0.021209937518225662
0J00d64,0.3225674467158315,0.08432839029448881,0.054369449053411234,0.04318609755457943,0.4955486163816891
0B027ag,0.35534759225468104,0.26664925434101233,0.07005101721415102,0.19931686779587224,0.10863526839428339
0702fpc,0.14621031070716856,0.09648051916051921,0.4051393580289441,0.3067389863163076,0.04543082578706065
1302nsm,0.13275719410368753,0.6455832964342734,0.09069052281972155,0.08002763737314789,0.050941349269169656
0J01hlo,0.6157433288837988,0.218546026144925,0.060339753152394995,0.05785334853048475,0.047517543288396455
1302ie6,0.2532229314413297,0.22321555279796174,0.05447002142754784,0.1102344380669988,0.358857056266162
0B00cgn,0.10407898530761656,0.3301317901543801,0.10255297101888453,0.4400850516875282,0.02315120183159051
0F008ie,0.6560365330640485,0.14150616511653863,0.033594606976340716,0.1294578409644061,0.039404853878666005
0M02b8v,0.35616081808204647,0.04708051472556318,0.07920253490161115,0.45210392903644603,0.06545220325433318
0B017go,0.2883327499175323,0.17452243943420215,0.2503518056242716,0.0774990158167805,0.20929398920721348
0802hrg,0.1343275041093271,0.0868818150193849,0.6878837695173874,0.052572153627871446,0.03833475772602913
1001p5a,0.12211549985326343,0.05291147600686933,0.425063905985903,0.3619682950062765,0.03794082314768774
1301f0b,0.3117057966217482,0.41855959573560464,0.17004784604140977,0.07686272925203247,0.022824032349204933
1301oqb,0.39567153669628463,0.19967685935479973,0.10622179236576225,0.25197694657826863,0.04645286500488473
1302is3,0.26698460346769426,0.19632068711241937,0.22697804067016322,0.0680670527574771,0.24164961599224605
13005tc,0.28376441450792467,0.42936545797887615,0.0555220033464541,0.16507851442643706,0.06626960974030806
0G01m4q,0.34518932687883264,0.21912718173080248,0.21040005251393407,0.19724607202509015,0.028037366851340745
0Y02bv3,0.05707064093421154,0.05567337629178226,0.630589572722285,0.2395887783124869,0.017077631739234222
0A0020c,0.23231946016208938,0.23062583932686587,0.05531664072855101,0.2422930957126025,0.2394449640698913
0C020c2,0.13593722397780691,0.6178542378644795,0.08817222719280743,0.11433300297664595,0.04370330798826018
0M0020q,0.17889722043244152,0.0975778994106233,0.3078611218646652,0.36240344496001353,0.053260313332256476
11000ag,0.06502158555941834,0.06311322392570334,0.6857372045590795,0.14461103829331579,0.04151694766248297
1302fsd,0.13944858900883303,0.06438850587664854,0.0584814325674228,0.09850740543695954,0.639174067110136
0A00g2q,0.2237068683382524,0.11475296494875127,0.4066681784340352,0.052572091091799625,0.2022998971871614
1301c81,0.33486264137713173,0.11798682960135425,0.08671291333999247,0.2264876641437589,0.2339499515377627
0100uoo,0.04989715357104414,0.1626393980227393,0.6450074228083904,0.11945924738072271,0.02299677821710346
1301dsv,0.510781262001892,0.22241508723430192,0.13385573161933476,0.09819655622251876,0.03475136292195251
0R006jd,0.3078116787146187,0.40629344353229285,0.0868212846071817,0.10650474388043694,0.0925688492654698
1301s5i,0.16444015363759054,0.30508297192670203,0.30106746497858927,0.07502204400432821,0.15438736545279
1301ncm,0.10555188797126791,0.3881220200343321,0.06878780815353826,0.374857341988225,0.06268094185263669
0F00e1p,0.2551792119172159,0.24319968125087305,0.19079444692601716,0.24568056598735366,0.06514609391854029
0J00lnb,0.1872586387709041,0.11898147768598424,0.07604868888030289,0.37390102970468286,0.24381016495812594
0H003v3,0.19680116248839435,0.2953583283613994,0.1942721654235774,0.1691005576160337,0.14446778611059505
0H01gnd,0.25234322172632145,0.17752653381036299,0.09436824311053903,0.4016732731425072,0.07408872821026928
0J028gf,0.171533976269635,0.047698853488371364,0.03882809024031609,0.197490349512636,0.5444487304890415
1301u09,0.3739340992981828,0.3025452504117424,0.09657601979611234,0.1556214294070307,0.07132320108693176
0K011p8,0.17575282389457583,0.08987252600381525,0.06917368568562712,0.17342054975144544,0.49178041466453637
0J02nf0,0.23572757518232657,0.13603855562846212,0.06484155869611606,0.27990872690040547,0.28348358359268977
0F00svd,0.432296134255816,0.1915661701894587,0.12485155174008833,0.22055409477734045,0.03073204903729656
0G015l3,0.42809270617151585,0.2625087628826518,0.11634426189353408,0.09843192345100853,0.09462234560128971
0K02k2r,0.17943441114461892,0.4231255275464103,0.11627390207343037,0.16999343623231555,0.11117272300322481
0H00q15,0.3552065952517527,0.14690330664664622,0.16491964003256457,0.22622046580085597,0.10674999226818055
0J01poo,0.12099022987712227,0.3591840209179883,0.06512528533212876,0.18902291803760432,0.2656775458351564
0K01of3,0.22009597463174022,0.11363524021224648,0.08640466901989306,0.05015721351868889,0.5297069026174313
13019oe,0.10656314614953044,0.17900715397177036,0.5840115496615432,0.09029968598660755,0.04011846423054842
1300196,0.3831024476061531,0.2113628131464896,0.21159769814607826,0.05521031062596758,0.13872673047531142
0A01j0g,0.5464046304644811,0.18330455140459118,0.13796532250457405,0.059967829193045816,0.07235766643330796
1301aju,0.1148930402865743,0.07946315910346854,0.04014524810256396,0.05889107784239506,0.7066074746649981
0M021uc,0.4026178587821132,0.12459292402047077,0.15454780571371296,0.07237359074596263,0.24586782073774044
0F02u02,0.20010278552700625,0.31615987937139056,0.08238701388325614,0.3050283434379458,0.09632197778040114
0F02g59,0.48701960214139167,0.07871006259904027,0.0870278513732035,0.32171807215676435,0.025524411729600103
0F00nk8,0.29969667520703647,0.2788289541973069,0.05492247496902219,0.3530770509811124,0.013474844645521985
0G01blp,0.5815757904044445,0.2498958500554615,0.037255892975739315,0.10594214892267276,0.025330317641681945
1301hm5,0.2627288569679328,0.23313750296289348,0.09514621900638097,0.08991517998046103,0.3190722410823317
130254j,0.3060431407131168,0.05406330647116484,0.07338242141202655,0.07977903829161188,0.4867320931120801
1301clh,0.4889526893460058,0.28807649146140624,0.09632235763693378,0.08277952857747548,0.04386893297817879
0B001qh,0.43876575754118907,0.15759001413216087,0.18097344182804906,0.10756642330478319,0.11510436319381788
0Y02dvt,0.10223231245699888,0.41907359853007076,0.22874711484298227,0.08403586817305234,0.16591110599689576
0C02e1m,0.6368410374169361,0.19183731472915422,0.08086996451927936,0.07034577271684614,0.020105910617784096
0S00508,0.08503242383107204,0.3134135309207708,0.05957707027441513,0.1550164853926758,0.3869604895810662
1302mm8,0.11961579590707422,0.2422552943541343,0.2125733101303199,0.07206225323803427,0.3534933463704373
130019m,0.28184877848290424,0.14028470185765676,0.05027355609576343,0.41881524531329495,0.1087777182503806
0R02e5s,0.09082139271339772,0.4702208781644889,0.22328715192111154,0.13866209351658942,0.07700848368441245
0802fr9,0.0671341103128225,0.04308392099925654,0.7522137883056437,0.09610766259945899,0.04146051778281838
1302j6t,0.3569762044886148,0.07706187470800692,0.0820242248653686,0.07503732266228216,0.40890037327572754
0302qb2,0.0802425050074395,0.15208139127513315,0.5192901421503958,0.24210519514422862,0.006280766422802869
0802l8c,0.36051960063930866,0.12211957072673078,0.1922772245241397,0.1774062077859258,0.1476773963238951
0J00cb9,0.4986116529501485,0.07325285436953305,0.13773844096442842,0.20161551748077172,0.08878153423511831
10003pa,0.09802512411563433,0.07403897762299663,0.6651747238415593,0.14431633901687269,0.018444835402937138
0H01hrf,0.5797235275417891,0.15466493456843788,0.07815051983007537,0.154132143547337,0.033328874512360586
1301pv6,0.25430942203665385,0.35939086216469274,0.09151038838043987,0.21694288532543712,0.07784644209277644
1301f07,0.4401646909674857,0.2764401390068,0.06845211073001949,0.18531903008901907,0.02962402920667574
0700ib5,0.06948025298036625,0.10518213833249265,0.6818913519805829,0.11049690504004293,0.0329493516665152
1301qvn,0.18880866111647276,0.11290739073022801,0.2278165172839306,0.153543476663759,0.31692395420560965
0Y01qt6,0.2197900387275957,0.07065418947625277,0.19677534426156496,0.3830895407025392,0.12969088683204738
1302j62,0.2934323824128864,0.0968754436381725,0.04894816825003474,0.05046833409448549,0.510275671604421
0U002h1,0.3063131686703172,0.10852686447510755,0.09079908566653934,0.12103038674767964,0.37333049444035626
1300moh,0.13579173304502562,0.1739681518275908,0.2191751012290093,0.37249138364929923,0.09857363024907505
0M004pa,0.13907333349594878,0.4310643413158826,0.06819729820052667,0.16955803303337996,0.19210699395426195
0A021cr,0.3599094640321417,0.0868149212181857,0.08209630630643644,0.3525379339019227,0.11864137454131361
0U023hc,0.060435185138401286,0.517992220256736,0.17514983178853571,0.13413802356897295,0.11228473924735403
0M02glt,0.20893944957526145,0.15651010805007848,0.23494489212618214,0.29292504729358076,0.1066805029548972
0M01k5e,0.4815126736459595,0.054049561594552396,0.29262219592255034,0.1266177335952345,0.045197835241703205
0G02jbc,0.23390910326848346,0.3037812983514523,0.21783731943866186,0.1984128294117983,0.046059449529603974
1001mhl,0.04411170202163858,0.09387116422543776,0.7528125498927251,0.09540809996694678,0.013796483893251757
13005dk,0.4908431346727632,0.15393313522905328,0.06827266356637678,0.13341690902250242,0.15353415750930427
0M028o1,0.1514159818797316,0.18415964944807017,0.10508732500967671,0.2532243331182796,0.3061127105442419
0J0038k,0.41812952733285524,0.15018026272411372,0.10067554616872335,0.13153106568540268,0.19948359808890495
0300kuc,0.0507269381452311,0.11962628787557267,0.6846227960013482,0.12971415398620695,0.015309823991641177
1000gtc,0.22334144508904238,0.2743917238276159,0.341895579950597,0.07891389558038055,0.08145735555236414
0A02spo,0.4539635624713042,0.30213423236553993,0.08317761157157788,0.08986366993471473,0.07086092365686333
0J02bg5,0.3707430699612252,0.07484764381622694,0.16222748268887072,0.30869208526852504,0.08348971826515207
0K00ooa,0.22496923116827175,0.19555845425085522,0.2791794533794242,0.259805913988864,0.04048694721258493
0G02ppt,0.48863486519188226,0.07063395273353834,0.07144164904876514,0.22151285730850026,0.14777667571731398
0R02090,0.15057050072420872,0.28608641324590056,0.17925051966052485,0.06748369818073474,0.3166088681886311
1302e3u,0.5108385547482921,0.09796319449657734,0.16651586021042686,0.11728978528760041,0.1073926052571034
13027o9,0.14068199488719696,0.5037203284027479,0.06910384186859433,0.21575408940799184,0.07073974543346893
1302fr3,0.24438661001305775,0.08355432472040673,0.06836417440268405,0.03949720875950534,0.5641976821043461
0C00otp,0.14696078305818933,0.32405956393525037,0.18498752486033276,0.32734383151666063,0.01664829662956688
13026hi,0.3184483343464688,0.17918534607805564,0.266772757739681,0.1079606803226494,0.12763288151314517
0B010r1,0.15591888196749776,0.11209144766325531,0.12543308743627846,0.18502842212861448,0.42152816080435396
0201mog,0.23685638144504964,0.06812417223252573,0.5678016782477637,0.07807730167530881,0.049140466399352115
0M009hc,0.08484001782162288,0.5796962102272866,0.12093286960492378,0.2045278989145714,0.01000300343159544
0R0103j,0.13109003028088928,0.21671500774144184,0.08065483605653193,0.34724757586233307,0.22429255005880377
0B01msg,0.31952576709341396,0.04516197454459468,0.1109714521170678,0.24172875647206798,0.2826120497728555
0602c4q,0.2044255617377169,0.05046097689988457,0.44654015697226124,0.26182944459927804,0.03674385979085931
1301tci,0.30859743185562105,0.4186570989670467,0.08178856531124601,0.14716445813818868,0.04379244572789754
0R00cid,0.28632485008808517,0.23310355223535206,0.18525216387405485,0.1221177978725462,0.1732016359299617
1302lpe,0.28211732530214606,0.09138340628818573,0.16757770574697964,0.060039161147292894,0.39888240151539567
0702gr9,0.12415942123840121,0.1387592661370719,0.38268708733040735,0.3166945416975468,0.037699683596572754
0301kbn,0.060813118580462726,0.06749932498413207,0.744838813850057,0.10256407265986073,0.02428466992548751
13026jo,0.19489909274659664,0.3699623900219929,0.042391646595728916,0.3295838781006326,0.06316299253504892
1000oip,0.1333292426570435,0.06896692323584006,0.6377730051079549,0.14037568654283655,0.019555142456324937
1302m24,0.3080830975383163,0.057090366524536425,0.06324682565872841,0.03568252913647007,0.5358971811419487
0J02566,0.5158398905402122,0.06278360523376565,0.24168682921152762,0.11900268109297613,0.06068699392151839
1300mt8,0.3402189611530717,0.4053314836539361,0.0408834863340813,0.10903679572788476,0.10452927313102608
0A01576,0.41415785430334096,0.27745968003548444,0.0863526661108257,0.16506278578436046,0.05696701376598842
0G02s7t,0.14321516288885738,0.4016753322608433,0.13095574662629644,0.10131912464269402,0.2228346335813089
13000hp,0.6241796288421149,0.15032614298885247,0.10022965541798336,0.09479876496381183,0.030465807787237547
0R01if8,0.09073874403396084,0.2115871687369698,0.08578757432114534,0.46124497035139916,0.1506415425565248
0R00alc,0.33870477216236144,0.18754247252509898,0.1287019269539708,0.1325543848066146,0.21249644355195407
1302424,0.1553192591607516,0.13319521685620203,0.36618824967874497,0.08788940948192397,0.25740786482237743
0A016ob,0.31984266445017484,0.05702854322297758,0.13085430310106638,0.21115430252144776,0.2811201867043335
1302c70,0.5654902024515717,0.10697889498772675,0.036913961322635136,0.2755258635918878,0.015091077646178501
0F00qcs,0.2930841004835434,0.4539154044727104,0.07130484009759724,0.13930713002698097,0.04238852491916804
1301qh6,0.5131049155447988,0.17573236570220907,0.10646310983266327,0.06904208189714074,0.13565752702318817
09009dn,0.06784515007469182,0.047932475011895403,0.7862787740332529,0.07993755082869557,0.01800605005146431
0000c0a,0.07723952622056379,0.2511164622737188,0.5730564557500339,0.0489816056727032,0.0496059500829803
