,0,1,2,3,4
1301skj,0.5450152526376411,0.21264654706754454,0.04919778209316006,0.15381910027297951,0.03932131792867472
1100j0u,0.14564430617650245,0.1096215665881012,0.06653397920183655,0.6672322667714189,0.010967881262140943
0G00r5c,0.2361199180631227,0.3934416163396282,0.1458116099494885,0.18723583389754633,0.03739102175021422
1202v5m,0.3462272998019692,0.2496504348333019,0.05483551606222965,0.29567530196853686,0.053611447333962406
0C01365,0.26127222508435616,0.11658204705294858,0.3681993892289374,0.04981489908118521,0.20413143955257262
1302gp2,0.3390338152752765,0.3044143581348706,0.10973803018637239,0.17892432256088187,0.06788947384259862
0T00ted,0.11170908044397346,0.13236379880910654,0.08846435231183256,0.13873799324916947,0.528724775185918
0U01og8,0.066980590555272,0.08698600885735022,0.7460338540267113,0.04416378277424755,0.05583576378641884
12030n2,0.17650072075908307,0.27347419623609404,0.0574948723916027,0.08796671942743434,0.40456349118578583
0W00632,0.06694096020515236,0.2879030534047188,0.08552249366720982,0.30382345919030596,0.25581003353261306
1000mdu,0.12155085105456857,0.16916733680488055,0.14430302842004603,0.33498146385448124,0.2299973198660236
0602sqq,0.32211523467582837,0.08511440982867789,0.25420540793045365,0.2559147014729473,0.08265024609209265
13028ek,0.6147676785511809,0.10772706074678157,0.06561213881407206,0.17552184987924618,0.036371272008719424
130204c,0.2928048190455571,0.07379756498346136,0.13822150905019132,0.05579169888302453,0.4393844080377656
1301li6,0.5661766983837331,0.12781858953740496,0.1142191192546301,0.09550044931390447,0.09628514351032721
0J00lhb,0.6129482568326624,0.12118869585358708,0.11344397167964945,0.10551473224809599,0.04690434338600504
0600umh,0.055873119648320195,0.12201125162284916,0.07099751326451209,0.03573997808302645,0.7153781373812922
0K024sv,0.29917114635607145,0.07689704542492196,0.4273549516020612,0.07281019789550484,0.12376665872144055
0701790,0.16004404972786054,0.10736196994685085,0.4143011539280084,0.22683507316094165,0.09145775323633853
1301cla,0.6049470777596009,0.16986914723773208,0.07379258363542875,0.10240702437302648,0.04898416699421178
0A018t9,0.1912632009099074,0.2161840959120972,0.2345345907574125,0.27156928941831354,0.08644882300226936
1301sj1,0.11719363177947796,0.515627638971176,0.14528291687264433,0.16567423123304498,0.05622158114365669
0G016hn,0.11340968118590164,0.6345978424284567,0.05579259253549111,0.16845463437871638,0.0277452494714341
0F02qrc,0.5249321726902549,0.12237283693852175,0.20821579939620194,0.12976807037215177,0.014711120602869575
1302oal,0.4347320234730442,0.27033980645094,0.17049107035019345,0.08351421635077383,0.04092288337504852
13019db,0.182101651127011,0.20513890452264397,0.2893989024690712,0.24644346949849144,0.07691707238278246
0W0291g,0.2989439121358042,0.06032883220687641,0.04026711235098779,0.04712730699386549,0.5533328363124661
1301j5u,0.4325171920168357,0.34725403499995255,0.07100087304185612,0.06557799981563409,0.08364990012572149
0G00v22,0.3991353043867978,0.2311295487149252,0.08888358524411485,0.18778319884733552,0.09306836280682662
0B02gv8,0.36121822249635305,0.06000482443786495,0.19748038988251848,0.2462187679353364,0.13507779524792723
1301qv8,0.11461178117380236,0.1653334191388049,0.5310041932548127,0.0941196860714756,0.09493092036110432
0A00e04,0.12967399283609726,0.6215482150624827,0.12013977712981003,0.07431648805068013,0.054321526920929813
1301mu0,0.21297334623650427,0.36081175249812836,0.056214775399677175,0.22599861927686982,0.1440015065888204
0601nug,0.043765967741267564,0.04822497077732775,0.8516731378133089,0.04588847110464122,0.01044745256345458
0H01tsg,0.09789217259553742,0.3123948522907488,0.14061984107614034,0.4365873897405044,0.01250574429706898
0K02hh8,0.22593637481332074,0.27338763622648055,0.22673318922737346,0.08115668756776404,0.1927861121650612
130254f,0.13040119987421936,0.3112950031961276,0.06766661312437226,0.44021050910961385,0.05042667469566691
1301hni,0.17197785947290667,0.2866958479830016,0.21742034731866747,0.2616452760363328,0.06226066918909148
1302ckn,0.3753336712248852,0.2564601139894102,0.058924343367979116,0.21214944944816752,0.09713242196955801
0F02ani,0.13776310773312403,0.6186221388956299,0.053438559968004985,0.14220716893563287,0.04796902446760824
0B01mh6,0.1975726943398724,0.16761534246733553,0.40110834687097396,0.060907679061957785,0.17279593725986037
13000jf,0.4360282885872208,0.23379551845259394,0.2438688786369197,0.049308651970671726,0.036998662352593754
130270h,0.6045839375500417,0.18143741145852788,0.06928154287867869,0.09298815600621263,0.05170895210653914
0H027kj,0.31251152726450926,0.47673881468888346,0.0633046278326483,0.09737290425584375,0.05007212595811526
0Y030tm,0.07387797763981874,0.13544617803521564,0.5392632182489305,0.20468070967341273,0.04673191640262235
13024l3,0.06782051705979464,0.3639625420731193,0.07894763143351803,0.43500540136244337,0.054263908071124634
0B0119v,0.37855048907451194,0.2451744026875957,0.12815459275432325,0.1842738017388899,0.0638467137446792
0M0249t,0.3594962825868687,0.06120897951032657,0.03346198734702627,0.12102904090279387,0.4248037096529846
0B00id8,0.31073267717568354,0.16799061494673515,0.4278947913121621,0.06434542266463249,0.029036493900786692
0C021tr,0.2833975338581995,0.20114742909130026,0.04184360654819005,0.4042285615552479,0.06938286894706239
0R008j9,0.17387881657725818,0.10224685016773086,0.04129899347720182,0.07867228340377859,0.6039030563740306
13002gs,0.6939256164241577,0.08658744861524056,0.10074108946341306,0.07979175060724214,0.03895409488994658
0K00a53,0.4029245303567328,0.06585723857238678,0.13334531802886188,0.08681209233380456,0.31106082070821395
0M026e8,0.21481329610211747,0.10608479008700211,0.055766240626092,0.08635954909851068,0.5369761240862778
1301q0t,0.23476878522555256,0.4671265371292923,0.12191019736651112,0.1113169564693981,0.06487752380924591
0G01rk7,0.53784437678183,0.139456509982963,0.18212053300955217,0.09353834982114001,0.04704023040451485
12030o2,0.18381668947591767,0.06826829677951472,0.03621908785489083,0.16945448896569432,0.5422414369239824
0G0112e,0.5610477643725059,0.08887691026851532,0.09735344406470123,0.23581084647128342,0.01691103482299417
0700lci,0.12339425557445778,0.12950548260779846,0.6423233801555226,0.06655967306669039,0.03821720859553083
1301c9p,0.1129955542860906,0.07272809735440405,0.3954926495355684,0.402278014285867,0.01650568453806996
0G01n62,0.6076608871631037,0.17054484901120126,0.050087217790804286,0.127967025408919,0.04374002062597169
0W01dcr,0.2609452545632025,0.103111646899123,0.03792901465855423,0.04016014344265293,0.5578539404364673
1301quh,0.4513093076718656,0.08001534968075832,0.05974042938779508,0.04408836206038565,0.3648465511991954
1301s8a,0.1245834535766384,0.23649100043997817,0.11026507735998622,0.46347948292779684,0.06518098569560042
0A01fjn,0.11333535018233686,0.05136013473511304,0.7281712353639938,0.08973470849060433,0.017398571227952034
0T00nsl,0.04990558006252383,0.2871432291574654,0.048198527195686125,0.13486950178868026,0.4798831617956445
0M023ha,0.33646668877682684,0.06764387172106737,0.23536797114809035,0.06149199555068522,0.2990294728033302
1000pb2,0.09091013523920811,0.20643415901237394,0.5695058980927292,0.07515430947403873,0.057995498181649896
13019dp,0.3376060001026528,0.08810157796759954,0.33534635480408725,0.0897222518955468,0.1492238152301136
0R015sp,0.03169703549044003,0.049826831045998554,0.8492163968011974,0.054480007506334416,0.014779729156029462
0F027v6,0.2748188638289235,0.058114218831520285,0.2618925037053555,0.2862966425679626,0.11887777106623798
0F02dj3,0.4675671851952394,0.1775578371059383,0.08807275139785843,0.19538824905965355,0.07141397724131032
0G02hvg,0.547200599021036,0.2348923694913074,0.06726016685525373,0.10811873660776071,0.04252812802464204
1301lhp,0.17514569218469567,0.4167463095108814,0.08836037942483432,0.18474522094570794,0.13500239793388072
0302kvt,0.15766466575318905,0.11055325665333075,0.49701941830874585,0.06387845657578756,0.1708842027089468
13027oq,0.6955872382096524,0.07432473005583409,0.058359815138103545,0.10517170108394197,0.06655651551246805
0w01had,0.08266479060606967,0.10984310935145422,0.5629527619928252,0.23141964220101832,0.013119695848632625
1300nvp,0.3905277564633405,0.3400617249445933,0.052495581083133014,0.12028649057492162,0.09662844693401157
0F001pb,0.4549386555696524,0.2851394305149777,0.06599417068058908,0.048033280664372124,0.14589446257040872
1302j63,0.4547947297734154,0.08439632455466925,0.09198019907667787,0.058606785894984595,0.3102219607002529
1301fki,0.0755770428188715,0.08361835461119038,0.05734801748191958,0.03557023676685826,0.7478863483211602
1202v5a,0.4748807110166019,0.12140707106896376,0.07275276487412845,0.3041275935194999,0.026831859520805895
0202dsj,0.07014061347994675,0.08183110125128809,0.7311445349164376,0.07704683462252973,0.039836915729797806
1302n31,0.396854776302932,0.047116357583026694,0.051406963685257635,0.03368524404918116,0.47093665837960264
0H02hr7,0.12413316533265993,0.23337300163718724,0.06557085887043596,0.24656781408140493,0.330355160078312
0T00oj2,0.10725380067660904,0.4208079871547906,0.09225576269697247,0.18711326551775453,0.19256918395387335
0H007us,0.6297955874895333,0.1336329419851755,0.08106884014063832,0.11780993498475043,0.0376926953999024
0B005e2,0.3452793150675364,0.42795698232532275,0.08285095545074866,0.11198061510676341,0.0319321320496288
0000p01,0.042925118644646654,0.10560234772051205,0.7576175072476996,0.07858863847267968,0.015266387914462028
0C0283q,0.101961977650666,0.3205234318409202,0.1737655603686945,0.0774380452788091,0.32631098486091026
0W02i9c,0.1402196480544723,0.0880312770593174,0.02650217436691518,0.15908333139278563,0.5861635691265095
0G0030n,0.15442772379438705,0.16821643463523048,0.17937051821295893,0.46870608472598774,0.02927923863143582
0K01phn,0.22448182886006351,0.1552528717059448,0.27991992181628644,0.15277251795381958,0.18757285966388565
1202v82,0.4265119635744258,0.2902151611147823,0.14508510855280554,0.08015008978173208,0.05803767697625441
0R00uic,0.08285685820477658,0.4102888181833817,0.06558049064477414,0.3516144911997624,0.08965934176730511
0T01sdr,0.08602380494404308,0.3003847243860116,0.051243016136719166,0.34222178716484125,0.22012666736838493
130236b,0.4473889062691388,0.1648725648981015,0.05134893016674839,0.3028160550463592,0.033573543619652084
0R020pi,0.07218350732254751,0.33942837502903983,0.0993307604972753,0.4227631034899695,0.06629425366116787
1202osk,0.16656681822099764,0.29567599315514326,0.21763721670313058,0.2583953219279027,0.061724649992825766
0J02ace,0.10373875404514898,0.41366722496790903,0.08696998318795784,0.08427791732931314,0.31134612046967103
1302had,0.38491315956946537,0.08311145960930708,0.21838161056552774,0.025670899869706783,0.28792287038599307
1302lq4,0.3855973201493037,0.09880237874099154,0.060820412472410185,0.06660652112993527,0.3881733675073593
1301j60,0.22267195492176406,0.5119722559338642,0.040847891146529786,0.17943237807306656,0.0450755199247753
1302jtq,0.2706367729195108,0.14334205312929524,0.03239985806365117,0.06485789616888464,0.4887634197186581
0C0285c,0.03758411418083055,0.09407664139368058,0.7879189856374853,0.06219343699472653,0.018226821793277122
0G02s7s,0.06580932363151583,0.5120160659929305,0.18264433099927363,0.15365575606943327,0.08587452330684676
1000euc,0.07269540006867653,0.22530740741217248,0.48886165188923036,0.05256236898152799,0.16057317164839263
0Y00lj2,0.1213335245578949,0.08900342245369836,0.18838132996611012,0.0683434306814735,0.5329382923408231
1302oau,0.5574346847704834,0.18166084238101185,0.04920964385896644,0.0637454250489295,0.14794940394060876
0K021vf,0.10137246307835314,0.123080414626981,0.3536727173931793,0.34197510507899986,0.07989929982248678
0C01q1a,0.5127051979994811,0.24372877308228807,0.12245710240973004,0.06999666084515901,0.05111226566334181
0C01mkr,0.1587828404367882,0.38950841548381904,0.33730579280697337,0.06601592425340866,0.04838702701901079
1302vl3,0.19791713382689946,0.12706338613544832,0.3661414786894259,0.11597043461290849,0.19290756673531773
1302a9c,0.5515798372813873,0.1229047969716148,0.033690933672914765,0.26406879511702996,0.02775563695705319
1302lpp,0.4776527257742965,0.10378600133447047,0.09335083178443991,0.15631506760740208,0.168895373499391
0M009e1,0.4398234595676861,0.07343581146817753,0.07302777916488207,0.38833140562814117,0.025381544171113036
0M01glg,0.6424846437274494,0.11945624685909431,0.11323764232394058,0.08984005384416731,0.03498141324534845
13027no,0.06961297854224904,0.7124698588640571,0.058792381899710276,0.14466068689976114,0.014464093794222444
0B02e6a,0.5121022194874062,0.14106892722466374,0.16914493732755206,0.09902893529597394,0.07865498066440403
0F00atr,0.4613583533622856,0.1602410565561076,0.21658708103325974,0.13272033022313304,0.029093178825214037
0G00n0o,0.2774202277422757,0.11870742351275017,0.0811509586339842,0.48290488516136715,0.03981650494962279
0F02app,0.10930948651152583,0.357113869205454,0.42326777335134924,0.07889444066761953,0.03141443026405126
0F021ds,0.46939944841412296,0.068494532137711,0.09260162367850841,0.2340890553414801,0.1354153404281775
1301ija,0.3993541964416673,0.3479137419672465,0.07663598818806769,0.13753284473893126,0.03856322866408724
0H0148p,0.4140887990530619,0.1855823339403037,0.08351509620280095,0.05913143420583491,0.25768233659799844
0Y006cl,0.07719408655058387,0.44230572162922405,0.25990670038027863,0.061457035625252066,0.1591364558146614
1301hlt,0.2783340060338193,0.11663430538662174,0.10451580394033676,0.051468182936846456,0.4490477017023758
1302eeq,0.12769588901998175,0.11849317093080888,0.23512848461665212,0.09487768244700226,0.42380477298555497
0301ve2,0.1382122518717265,0.2766613824122338,0.2523695796728861,0.12414089996822607,0.2086158860749275
0J02066,0.19782634029095666,0.06706776340037175,0.44331729629685235,0.20320752571788409,0.08858107429393519
0A00utd,0.0977354136987624,0.08055415824451553,0.43341729555999314,0.33583633822150605,0.05245679427522279
1302ao4,0.4148899196473288,0.10364293738485035,0.07364697757345134,0.034265418362622084,0.3735547470317474
1302ko4,0.4959715634204449,0.11107348341821777,0.05286718558901857,0.06649524095520065,0.27359252661711814
0Y01tif,0.25943167098078146,0.12831169400531012,0.4815367501985728,0.050442649729337076,0.08027723508599852
1000n4n,0.1546306094120884,0.27055046515832826,0.08664276503496565,0.45482884123484735,0.033347319159770364
1202unf,0.19575870736811046,0.08120423144731911,0.30628136642832793,0.12161939665700891,0.2951362980992336
1301sii,0.3283261952870797,0.27597874616556844,0.04435894168482369,0.3007274477528741,0.050608669109654114
0C01721,0.08921631722357626,0.47793788362432166,0.2516950062171704,0.12825834141356182,0.052892451521369885
1301v3h,0.2630220471054908,0.30703867654301825,0.07843188618773574,0.1872899070974192,0.16421748306633605
0K02st1,0.08994299457933554,0.43610371513963564,0.11769474663946117,0.19226056190585378,0.163997981735714
0H02cde,0.44359834542817245,0.12143805759617504,0.0675891092286378,0.03171714576127185,0.3356573419857428
0A00tc0,0.5758354725254851,0.11595978895640295,0.13236326835082318,0.13597838356216493,0.03986308660512375
1301tv6,0.13315842860220495,0.574834012405354,0.0648193398654447,0.19916959029028916,0.02801862883670704
0801le9,0.07124608478441428,0.12293112500518472,0.5818339844314584,0.17064882875590004,0.05333997702304251
1202qag,0.05879243333653438,0.4758494900956843,0.06555062663974395,0.1478265746344665,0.2519808752935708
1301mbg,0.17213481582063828,0.516226343344324,0.08144149786333921,0.1109673431098322,0.11922999986186623
0R00aba,0.1857025897848806,0.2734979391855854,0.05938340187506607,0.22675705202888818,0.25465901712557976
1302451,0.4537633628904991,0.3015691837428024,0.08976237727559457,0.07788353479248936,0.07702154129861463
0B02erj,0.10753278858792292,0.4013160931408959,0.30763737374120503,0.14985750165074171,0.03365624287923443
0A0270f,0.31112371161185837,0.11898738340657915,0.053343201085138015,0.12289467741319807,0.3936510264832264
0M0118n,0.2963270109022724,0.07551941656564178,0.2703712217583685,0.1072160846498842,0.2505662661238331
0U02cc3,0.060705602253611435,0.21508644026926965,0.5170379108753027,0.12195055185170374,0.08521949475011248
10002n3,0.2214418343581733,0.12154235472476542,0.4725857791362602,0.04783146436968831,0.13659856741111276
13023ef,0.2278041773133921,0.5057905112218737,0.03506290106840489,0.18786554362302998,0.04347686677329937
0B018f8,0.3340766837043992,0.06665634864154177,0.137289828073066,0.36917870048062396,0.0927984391003691
13007d1,0.5491517734125495,0.15450649897996332,0.1171171990398274,0.14821892834559944,0.03100560022206032
0B0222n,0.47685437144939546,0.12370883001598602,0.10865656192162385,0.2655514030956662,0.025228833517328526
0Y00g3k,0.09327314851635711,0.11245176476280747,0.6443390371599422,0.09887563617225295,0.05106041338864017
0C00lp1,0.09516145889430182,0.27368595625011644,0.3547119761764486,0.191417629009371,0.08502297966976209
0601mh7,0.06235176647949397,0.15289188546711802,0.6346621472821831,0.10881317798255295,0.04128102278865198
0A00cnp,0.10661813658648464,0.36033276049658064,0.0810528104753943,0.24275012900054316,0.20924616344099728
13023fm,0.49070946054538694,0.15055464964858306,0.03011838697048467,0.2683576997539217,0.0602598030816236
13000j3,0.6059415524199965,0.1295507922969121,0.13535064075999814,0.05205620063856052,0.07710081388453262
0301kjg,0.05854554059304229,0.11965679576319624,0.6857306869962075,0.09788487493285872,0.03818210171469522
0T026cp,0.04647299733483925,0.0720500274366864,0.04090966748593215,0.07853055657522635,0.7620367511673158
0M024pb,0.08122551455184095,0.4378286092888522,0.09256666433715723,0.31931124264633215,0.06906796917581742
0G003je,0.10043224144978459,0.6100521706389531,0.05971728514554534,0.21170630794276002,0.018091994822957057
0M00pnl,0.2573548827554405,0.05834968523988182,0.055853501726222075,0.21517397929120946,0.41326795098724617
0A015h2,0.12057133675325765,0.5159337147368435,0.2301771619535691,0.08086190954260716,0.05245587701372258
0T02qea,0.0722720093593619,0.16661702713875406,0.08089916174215131,0.042583633047722426,0.6376281687120102
1301ii9,0.6741246776055848,0.15880080235399255,0.06358558663176309,0.04894321300550789,0.05454572040315173
0Y00nr6,0.11210453246874297,0.5727754792226594,0.08431883071278942,0.10710133003082936,0.12369982756497888
0U00lcp,0.07348396619148428,0.07806567306357319,0.06829651737756243,0.04046029485079238,0.7396935485165878
10004fs,0.09132949417178077,0.09294617444484786,0.48995311380092527,0.0663839924953033,0.25938722508714285
1301qm4,0.28550847613446284,0.09759529224871581,0.1568994105838264,0.05549859288067624,0.4044982281523186
13016if,0.334790088168834,0.17006918477060642,0.05102928531228795,0.4282396234445178,0.015871818303753782
06008be,0.05651902235083081,0.09147738774410728,0.751341806718537,0.09199940046639446,0.008662382720130393
0A031kn,0.4678468053104612,0.06664120032263361,0.11247625274701761,0.2654084079483533,0.08762733367153425
1301v4e,0.07634412616827062,0.33817387711296254,0.20716999266724753,0.13625932304186736,0.24205268100965185
1302m1r,0.1147048442522435,0.07854987606887592,0.04842889594532764,0.08614939139645335,0.6721669923370996
0M01e0j,0.158972925466017,0.4334701508702212,0.14018288486594652,0.24585735169875203,0.02151668709906319
1301rkq,0.3321164263588881,0.13509027511651062,0.031576711854684296,0.09092778696869637,0.4102887997012207
0A01kc4,0.19609741649547885,0.4618624535172648,0.09579604826755558,0.21189651213216049,0.03434756958754032
0C00mbq,0.3042824891534311,0.30347551277636176,0.24398453763078642,0.10682465299760902,0.04143280744181177
1300olo,0.36736966526444537,0.12643382009507848,0.3941635093384429,0.0925859019116304,0.019447103390402863
0H015g4,0.284389165249669,0.08316522985872424,0.15543835080424795,0.3519201324047171,0.1250871216826416
1301rlq,0.579317398877382,0.09167713341429819,0.04578777755074121,0.17725663343391082,0.10596105672366783
0W029bd,0.18308440665336934,0.06547223009731244,0.05577450521808154,0.051623112731450385,0.6440457452997863
0H014nv,0.47721322784479203,0.08594236785679289,0.08938860127372915,0.246384938350443,0.10107086467424305
0H02utm,0.13488039050582523,0.4951452065439569,0.04908730306052971,0.30188686032231155,0.019000239567376603
13022k8,0.2007357376368493,0.30941698504089243,0.17556598418340566,0.08232136644815062,0.23195992669070198
130234l,0.6227261549044086,0.1351956754722046,0.11174955108281497,0.10706787457816055,0.023260743962411203
1302g47,0.060271565156752305,0.37641320010551005,0.11050369749554986,0.3547625940644576,0.09804894317773022
130235b,0.11458742351993156,0.21718611034257673,0.46428188158023387,0.1879474366202169,0.01599714793704086
12030jp,0.5560570176216404,0.06357763579996009,0.09024898558312411,0.07211884237940543,0.21799751861586997
0302jej,0.14950916079453766,0.13645048590361408,0.2245790030220665,0.4711384210274247,0.018322929252357064
0M00m5a,0.622306039735619,0.15221355906233824,0.04763747686361077,0.1280699722345101,0.04977295210392191
1301t9c,0.6393274636593325,0.18417200314425644,0.048136758754932084,0.07117472871411684,0.05718904572736217
0C0060i,0.15901975793831666,0.07436110766026886,0.16944519223864157,0.34380195616118453,0.2533719860015883
13021j5,0.2829900954759661,0.11662597657449378,0.45410295885759333,0.045169975232417406,0.10111099385952949
0C025sk,0.44882699943063376,0.18751024950226167,0.05856715392705485,0.24180367048153378,0.06329192665851603
0H00bg5,0.14938017880340324,0.1913870051123182,0.18338292861559796,0.08285849406767272,0.39299139340100786
1301tch,0.10083654007863667,0.6433050993020631,0.09036082530675829,0.07975750181331463,0.08574003349922722
0U02cco,0.10566017017212556,0.07095501157059775,0.5970867218939296,0.15193695170036264,0.07436114466298444
1302phc,0.2940140256041738,0.2981549371372241,0.16279823718674735,0.20645759579381115,0.038575204278043645
100021l,0.06867832618327105,0.06988250705420329,0.639681705691849,0.19951948501210257,0.022237976058573975
0C00rvg,0.14781497356841067,0.5449090593166682,0.09243194930555661,0.19362745094179007,0.021216566867574494
13025s8,0.09599264935021462,0.0682111756119661,0.03714716252928352,0.044297337437166476,0.7543516750713694
1302aad,0.1721653454165139,0.12196094140243947,0.03412836732413245,0.11180528877191082,0.5599400570850033
13022k2,0.5311902819354546,0.1608810823980175,0.19915295162823882,0.0634117373492868,0.04536394668900232
0F023au,0.42756951635189594,0.1369800404938039,0.10597297115175773,0.30406496047240855,0.025412511530133887
120316t,0.04976489392495334,0.550625108936394,0.07559948520235077,0.12429069125610931,0.1997198206801926
0K0244h,0.18857738965595144,0.08661404020329297,0.030639187123484707,0.5988725022451544,0.09529688077211643
1302fa9,0.1264066771475681,0.4279028896931774,0.2498815914724014,0.13303381493766564,0.06277502674918753
0102fd2,0.024350225339809125,0.043645337215866935,0.8650498379163782,0.05289426009748567,0.014060339430459992
1302dio,0.45209925707319276,0.1159625525946775,0.13549251114450966,0.06960575876761672,0.22683992042000337
0A02k6i,0.08264679494017423,0.1085024582993334,0.04254156000503369,0.15451102261991845,0.6117981641355401
1301nd3,0.5544979601469421,0.1725059897618679,0.16222023298125543,0.06018252440175263,0.050593292708182004
1302edd,0.0925175441798908,0.563582921787137,0.05415318126519213,0.27034498939029483,0.019401363377485305
0M01n5v,0.06278311062092044,0.42878339806602334,0.11312573693505446,0.2712838178822867,0.12402393649571503
0J00841,0.48784409621766744,0.058118886964543114,0.03629794046907781,0.14195967394240186,0.27577940240630977
0F00u8e,0.26739757654001695,0.21443245618456885,0.047932786086850844,0.43565977279400175,0.034577408394561554
0W01dd7,0.06133157780419092,0.2390401545701859,0.41198049109823864,0.2185835831480694,0.06906419337931516
0A00hb4,0.5130002369389042,0.15744101987844164,0.1330407122026067,0.17009780529125573,0.02642022568879176
0A01612,0.6052208890393166,0.10869320883731688,0.08315529842768657,0.15527362065502515,0.04765698304065487
0A00edq,0.5118848987088073,0.08463932333601382,0.050590236787848304,0.2893123582151176,0.06357318295221302
1301qve,0.0855528697737898,0.3848207610847876,0.10507841822848632,0.2625001040553588,0.16204784685757745
0A01bft,0.5273722616694143,0.29217372405328623,0.0717979549261883,0.055337832930342785,0.053318226420768285
0M0053r,0.6667819456354613,0.10687911243846926,0.0775900872096494,0.11943580056752764,0.029313054148892417
0S01f4a,0.12024348270812954,0.39338218542954706,0.20497865644627022,0.1502360277654918,0.13115964765056132
0B006ca,0.5429343191974285,0.1013832570851354,0.07646863435652523,0.23593506095904307,0.043278728401867826
0G00b5t,0.07120639723745462,0.6671989363326108,0.051746578988507284,0.16332422724827722,0.04652386019315
0U00d54,0.06924421835230829,0.08199616753567282,0.02483007859230468,0.03152673939527853,0.7924027961244358
0H023dk,0.3026907864809249,0.18606852274568536,0.18791488704923923,0.2572643706684417,0.06606143305570879
0G018t8,0.3765181280286908,0.2254197874785511,0.18032112488047153,0.12310003378729392,0.09464092582499269
1201tab,0.08965433884766368,0.42986397243445695,0.10351960989367263,0.35477151725126654,0.022190561572940175
1301j4o,0.2742399122851673,0.25303961034172695,0.324628659100195,0.10004607954420751,0.04804573872870318
0C006lk,0.5665511379424673,0.2038789200819079,0.09138210383085182,0.04527650442204974,0.09291133372272337
1302mlv,0.4161424753254318,0.1191396468550039,0.09002617945187805,0.0805743151160383,0.29411738325164793
0Y02589,0.22127897518343748,0.11146472600367724,0.5234978858521504,0.03988204980834407,0.10387636315239093
1202mph,0.2992126697492643,0.265620672583336,0.29017693840476244,0.08552413868101685,0.05946558058162037
0A01b11,0.47069620513645133,0.051805188949217436,0.04150053023393623,0.06882034707784568,0.3671777286025493
0802bld,0.11650714822443989,0.20928133215488381,0.5295588395591777,0.1148277325578815,0.029824947503617045
0F02sho,0.6734097355428673,0.1094036079724838,0.054700168175928494,0.14298767484475816,0.019498813463962192
0K00lb4,0.26404323493836135,0.11474590572851592,0.05710912613819834,0.0648540592389537,0.49924767395597064
13028pm,0.14561482611066698,0.1845364565592852,0.091150742640035,0.49397805598668093,0.08471991870333194
1301cl7,0.11598228396239398,0.6111410303066427,0.11345034701724135,0.12792580867131786,0.03150053004240413
0J00d64,0.39363429762559354,0.07396198710082603,0.04447287822666641,0.04075337131896329,0.4471774657279507
0B027ag,0.46750660361599455,0.17284244391820713,0.07293354657722696,0.12610965471487626,0.16060775117369522
0702fpc,0.08143254022916102,0.09452374835096158,0.5361826573841165,0.13500331626122364,0.15285773777453723
1302nsm,0.10354964443807099,0.5460703423612123,0.18014497057346776,0.09596678444211676,0.07426825818513211
0J01hlo,0.6375938274755928,0.13221611996827706,0.08760706939608713,0.04577718581704337,0.09680579734299977
1302ie6,0.1966046885991452,0.10782221374884116,0.042544811080834126,0.08206184102793809,0.5709664455432415
0B00cgn,0.09855932055318699,0.5261861939470283,0.08516142340244261,0.26417739045581945,0.025915671641522843
0F008ie,0.7041199559813316,0.10576410315600662,0.03025012387593716,0.11558738157917767,0.04427843540754695
0M02b8v,0.29410967170216523,0.06501685152035273,0.1196580447935001,0.3004439973283085,0.2207714346556734
0B017go,0.36471686426450023,0.11671073964354094,0.3328458934447093,0.05633996983704642,0.1293865328102032
0802hrg,0.08083258455424451,0.06782310225598134,0.7444443234459907,0.05490806069574974,0.05199192904803379
1001p5a,0.1163563707189679,0.08244107706051944,0.5901906208339345,0.15689577639837707,0.05411615498820113
1301f0b,0.16869907005512488,0.576879135690441,0.08787026602497902,0.1184358933253204,0.04811563490413466
1301oqb,0.6174214457054436,0.13718430320528546,0.08138713699567546,0.12471101214597916,0.03929610194761634
1302is3,0.29292881616599886,0.16342294257111983,0.2816675074772536,0.04658523757358098,0.21539549621204673
13005tc,0.23157150227569256,0.40910984374114423,0.09491348857056557,0.21054163516855356,0.05386353024404405
0G01m4q,0.5293244721248664,0.11604390081488902,0.11754450923900407,0.21354535732876218,0.023541760492478227
0Y02bv3,0.01735681943549403,0.03424252628166506,0.9049197379942775,0.03841611476444251,0.005064801524121054
0A0020c,0.22003977458711682,0.2682757601137651,0.03644766396482077,0.33434257389396643,0.14089422744033095
0C020c2,0.10378302862821694,0.557303208004645,0.15960503870690745,0.09870119544748165,0.08060752921274916
0M0020q,0.1475170330846271,0.15968281257689287,0.29593062184176866,0.3059919194826733,0.09087761301403799
11000ag,0.07771811350965513,0.0684862352504801,0.6729645097445991,0.12887336291556184,0.051957778579703774
1302fsd,0.19613923001191594,0.0840856323275313,0.05875258549376016,0.1427307732751082,0.5182917788916844
0A00g2q,0.12711485604994088,0.12328956446748585,0.4332453137127723,0.03664822386217908,0.27970204190762193
1301c81,0.3934305525740523,0.10246085358105068,0.09550015598112327,0.11169120683898942,0.29691723102478434
0100uoo,0.06355022458223736,0.14640949235099768,0.6407816366876953,0.10343527698415872,0.045823369394910884
1301dsv,0.5745096312474782,0.2291976247302136,0.08127514067339389,0.08609385854437243,0.02892374480454178
0R006jd,0.2575946661963606,0.3795257181675655,0.11033150414671607,0.1671016509060141,0.08544646058334371
1301s5i,0.21011236340816886,0.1948749559269125,0.23629822921812615,0.13369661272614997,0.22501783872064246
1301ncm,0.10500936992060253,0.46316430650502194,0.1091824362909102,0.26833302013060356,0.05431086715286175
0F00e1p,0.2541868672672291,0.28405252277548426,0.16544469750026344,0.1900945697263111,0.10622134273071214
0J00lnb,0.09210179145288447,0.08762002374590588,0.057223891207771285,0.4103858656371798,0.35266842795625863
0H003v3,0.19853635027498806,0.24935496515206118,0.19323984484215556,0.13263510608217127,0.22623373364862392
0H01gnd,0.16170640496039962,0.1969168324476726,0.15001774548021848,0.41179097953034793,0.07956803758136137
0J028gf,0.41065675572610505,0.0470183866306528,0.027355297282305596,0.22629596927683177,0.28867359108410473
1301u09,0.5140881894170382,0.22063789396027844,0.11137555181485065,0.09434014158632546,0.05955822322150725
0K011p8,0.24833990474919476,0.10948775950940923,0.06143378633699757,0.07067203263414494,0.5100665167702535
0J02nf0,0.17411182533920544,0.17447764477882724,0.05071287714099219,0.12424485040454167,0.4764528023364335
0F00svd,0.3357644596312156,0.2593632611127664,0.15157172883572567,0.18798876821925792,0.06531178220103435
0G015l3,0.5725086726148146,0.19511638582066743,0.08696874159512792,0.08104439263297823,0.06436180733641175
0K02k2r,0.14948375973223077,0.4718463863542932,0.08897811470332442,0.12077383327144048,0.1689179059387111
0H00q15,0.26120841407373907,0.10706311224794643,0.33315550326630583,0.20436128101222165,0.09421168939978702
0J01poo,0.0891784731954791,0.3078778476721272,0.07495798223863599,0.321473999560434,0.20651169733332367
0K01of3,0.37324695108060835,0.08628179275978201,0.04756542319191253,0.05921851695386223,0.43368731601383487
13019oe,0.10515120429440589,0.14904556774761007,0.5529086735344164,0.11701962142915413,0.0758749329944135
1300196,0.2434727308487505,0.310246278268285,0.2808530373425168,0.055528604514320706,0.10989934902612705
0A01j0g,0.5368778753529635,0.12955394477094107,0.22173725503010944,0.04585089906139653,0.06598002578458932
1301aju,0.16321525407702026,0.09829002253429131,0.04991093360592872,0.05555154247478536,0.6330322473079744
0M021uc,0.4371480616797252,0.08127905191650119,0.13140329561979958,0.08329241452403845,0.26687717625993557
0F02u02,0.3983457769370944,0.21136115804239095,0.10201572497951578,0.23426184306662276,0.05401549697437604
0F02g59,0.33389990426568755,0.10786401804015502,0.09140673782741598,0.42175690108743147,0.04507243877930994
0F00nk8,0.3849142225924704,0.2045986373575035,0.07995400127038181,0.3033694382293407,0.027163700550303684
0G01blp,0.4925892118528917,0.2561359513862185,0.03889823188704918,0.10993298748947372,0.10244361738436697
1301hm5,0.21148829255428125,0.13623747877646236,0.10630095617894267,0.07714248983995141,0.46883078265036227
130254j,0.32933703631311073,0.0637017761579391,0.06819870688330981,0.07217108619707333,0.4665913944485671
1301clh,0.7000937526428344,0.10663681268587559,0.07254490910232632,0.0664532266675748,0.05427129890138887
0B001qh,0.4919173709756708,0.13223822911192212,0.15250632578620676,0.06565366146756559,0.15768441265863467
0Y02dvt,0.06517492993270911,0.3915713202131857,0.1864801107305208,0.08279580900450978,0.2739778301190746
0C02e1m,0.7006237460826151,0.1116148840150226,0.05641907735730903,0.10233357103120758,0.029008721513845696
0S00508,0.07525438330211305,0.23530781762803943,0.05234072083737101,0.331470438257694,0.30562663997478257
1302mm8,0.07419154351544976,0.2460544507240658,0.17898270813276118,0.047858657618036884,0.45291264000968645
130019m,0.45228648326633386,0.10467471883905895,0.05626315066611144,0.2691626086700318,0.117613038558464
0R02e5s,0.09471441123762206,0.47393937027708644,0.18562609391065382,0.14726568080987407,0.09845444376476364
0802fr9,0.11280191032724292,0.06768395127393603,0.7096621759285573,0.07022236040277953,0.0396296020674842
1302j6t,0.5398654643094942,0.06704394343058478,0.05473408770357212,0.052856022556400754,0.28550048199994815
0302qb2,0.0592299083218935,0.07112759834824076,0.7260448198176873,0.13848792045537237,0.005109753056806109
0802l8c,0.28621712111983555,0.11937307603598357,0.12204065571081024,0.2375373435466812,0.23483180358668934
0J00cb9,0.5221745340375246,0.0643590103525226,0.15453275290496088,0.11408468701390836,0.14484901569108352
10003pa,0.053644369895826535,0.08682985734845027,0.7860022753149973,0.056338147354254214,0.017185350086471506
0H01hrf,0.4966971850115826,0.15982847052486826,0.09312989326594881,0.16970681904319554,0.08063763215440482
1301pv6,0.1996571561023511,0.40186285533328914,0.09901450430894795,0.26579674666362496,0.033668737591786825
1301f07,0.5597119265109477,0.23935296640572756,0.08587780397728183,0.09389382499971757,0.021163478106325316
0700ib5,0.06808939901092671,0.1091167229632373,0.6297687309453557,0.12320951402241996,0.06981563305806027
1301qvn,0.13189117981485388,0.10317063768534035,0.18295855548823514,0.08014645452764527,0.5018331724839254
0Y01qt6,0.20049214434783957,0.1175058920315673,0.19217927069434348,0.16766220124502118,0.3221604916812284
1302j62,0.28908499667786564,0.10590941966450346,0.041418320151666695,0.04538983601138197,0.5181974274945822
0U002h1,0.3069590361280711,0.11119700689046937,0.05509282438856396,0.059080359181866285,0.4676707734110293
1300moh,0.11530157701221411,0.1212300142413151,0.3400243746780804,0.3269454605256663,0.09649857354272409
0M004pa,0.14705097788195282,0.3893508140889521,0.06340553787010471,0.11093713060387467,0.2892555395551157
0A021cr,0.238503287605517,0.16002147147424578,0.07833975948002798,0.2351027971606343,0.2880326842795749
0U023hc,0.07525647697897503,0.4866059055767963,0.13270176504492553,0.17543803364787786,0.12999781875142524
0M02glt,0.3416441622171617,0.188831825822165,0.15699058785168013,0.19667529168466946,0.11585813242432376
0M01k5e,0.33493436326860027,0.06003880473722294,0.4799527418374514,0.08257613057878525,0.04249795957794019
0G02jbc,0.30042929647139466,0.24088798102631248,0.3173451169697715,0.11198152048789137,0.029356085044629974
1001mhl,0.047606074775437636,0.13247173794948305,0.6668981362009097,0.12704579442945735,0.02597825664471223
13005dk,0.5362587778122898,0.13160775193442817,0.06514168177745078,0.11858950596370745,0.14840228251212378
0M028o1,0.11867793549548498,0.1428863123822276,0.1079559619398972,0.33306734383776115,0.29741244634462916
0J0038k,0.41863136090224085,0.1372193284575841,0.0953248763551286,0.08740817765936584,0.2614162566256807
0300kuc,0.041519013500746875,0.13917076647957327,0.7304504951726367,0.07522634912954877,0.01363337571749447
1000gtc,0.145427123345653,0.27929563241759287,0.3809384031110671,0.05556081728127148,0.13877802384441557
0A02spo,0.5383106155604449,0.1643818206998331,0.06479499410097168,0.18380711958359347,0.0487054500551568
0J02bg5,0.2618664010862342,0.07852290753946753,0.25249544317855876,0.2303938483203104,0.17672139987542912
0K00ooa,0.1574843186634015,0.17359226967183805,0.338791827945245,0.300075248182307,0.030056335537208434
0G02ppt,0.4431431189040955,0.07651097263442451,0.10947543354828473,0.15435057454746084,0.21651990036573435
0R02090,0.11076735865102705,0.26004288983651425,0.15275917820228255,0.04195649462018735,0.4344740786899889
1302e3u,0.5197860938175016,0.09401670394397368,0.14227214593668025,0.12360470238717601,0.12032035391466844
13027o9,0.11446884317587872,0.564131840040234,0.10858792664011456,0.15235525577737452,0.06045613436639825
1302fr3,0.2812005037844603,0.08675316652992116,0.06741711130066262,0.06635754446456767,0.4982716739203882
0C00otp,0.20491312304774575,0.15819821900880685,0.17879122567445752,0.44202009420988103,0.016077338059108853
13026hi,0.43245470797801855,0.10353283682788703,0.2592608418753816,0.07440816613463146,0.13034344718408136
0B010r1,0.18679658313416336,0.09749308402978377,0.07587230564126637,0.1519782310045657,0.48785979619022074
0201mog,0.25517944313228147,0.0698328125768624,0.5132073761883994,0.12951364137177868,0.03226672673067802
0M009hc,0.09204168677997357,0.4373842618542573,0.10990008021951338,0.35166844201153047,0.00900552913472534
0R0103j,0.1367538517690473,0.2547384897661862,0.06375506289182271,0.2678460841729709,0.2769065113999729
0B01msg,0.2816994298043526,0.061913893421908964,0.11245801247968991,0.1716141326838927,0.3723145316101559
0602c4q,0.13568625455515232,0.06567968526324507,0.6039877208368376,0.15251514446964895,0.04213119487511609
1301tci,0.21010371515189596,0.4568905547945048,0.10451711798447474,0.16848834332231694,0.060000268746807556
0R00cid,0.275381280085241,0.2692512730767219,0.1595664010924598,0.08358874625661958,0.2122122994889577
1302lpe,0.33868069592662625,0.0870128703551904,0.14009309784127966,0.07884917072186723,0.35536416515503644
0702gr9,0.14210414781732747,0.1376757590998646,0.5286916880424388,0.15732917165550475,0.03419923338486452
0301kbn,0.10258210268014623,0.1076021913823865,0.6730104006660793,0.07938536357319947,0.0374199416981885
13026jo,0.24327561823775698,0.38331082639656777,0.06278314282365396,0.226246346769235,0.0843840657727863
1000oip,0.0639935192371581,0.07335932271235118,0.6002407405058972,0.2446179177625174,0.017788499782076136
1302m24,0.37566367315398963,0.0560877794890501,0.07268895104828432,0.029539312347211126,0.4660202839614649
0J02566,0.4847649731583963,0.06744111177492478,0.22186239814843922,0.1268667492653165,0.09906476765292324
1300mt8,0.3215678458602013,0.32805588634560295,0.04715063031745187,0.1842803700295204,0.11894526744722343
0A01576,0.6453775882842667,0.15127648227291118,0.08033197129264033,0.07404051105004911,0.04897344710013275
0G02s7t,0.06019537753696243,0.38343206256902085,0.11826076386231067,0.04866541015412288,0.3894463858775832
13000hp,0.5971259534768781,0.1479450573346196,0.1376367952887998,0.08106517826115482,0.0362270156385476
0R01if8,0.130162052903537,0.1587700334669894,0.08631966292541152,0.35937305251423374,0.26537519818982835
0R00alc,0.3834194612720989,0.2025533119868183,0.08702099077014926,0.10651373400947392,0.22049250196145964
1302424,0.15046411271967844,0.13668924370885716,0.2917332217146159,0.05764133916574623,0.3634720826911023
0A016ob,0.4181542641040804,0.05965261987657061,0.17540189860391925,0.16465290595054766,0.18213831146488213
1302c70,0.4909684208145055,0.1318813423811867,0.03280051781727808,0.31578561399580407,0.02856410499122564
0F00qcs,0.44751367626335964,0.33070348083227524,0.08582746329272278,0.0782674368376435,0.05768794277399887
1301qh6,0.4775134262449675,0.19310441557032457,0.08898086147990428,0.11344859102998152,0.1269527056748221
09009dn,0.056415925861197334,0.10527501791680957,0.7179805460032761,0.0786113206318593,0.041717189586857696
