,0,1,2,3,4
1301skj,0.5082219981634718,0.218746033639079,0.053563574967049034,0.18401000889675356,0.03545838433364664
1100j0u,0.1951771951374032,0.1256334833920357,0.08535634250340804,0.5842923537913274,0.009540625175825698
0G00r5c,0.21969966641591476,0.3098346573241721,0.24244082938423017,0.164930344454114,0.063094502421569
1202v5m,0.3089156101144495,0.3929269021303884,0.05933220405934293,0.18030603528879058,0.058519248407028615
0C01365,0.28691458512156015,0.10531025838892527,0.3256159277357166,0.09714538498999498,0.1850138437638029
1302gp2,0.3121450178400096,0.28688990240081014,0.12742022287730248,0.19246287546372437,0.08108198141815338
0T00ted,0.10833944606395715,0.0980273781954637,0.07385710314861525,0.13172691879206078,0.5880491537999031
0U01og8,0.0786910450569749,0.10486374439461008,0.7279293492728325,0.03733588862595514,0.05117997264962737
12030n2,0.16834339442749868,0.16463393534955068,0.05547815577494699,0.1376170291711876,0.4739274852768161
0W00632,0.05712226630194288,0.3554612125829616,0.06995912555900625,0.27792815279813604,0.23952924275795318
1000mdu,0.10250838143631032,0.11719652300873983,0.1595017027314905,0.37244177251165866,0.24835162031180066
0602sqq,0.32501695235948014,0.08018331648260477,0.25010128890746924,0.26390937938463277,0.08078906286581304
13028ek,0.5755608414405413,0.1038091800436555,0.05834286019559064,0.2307198019190824,0.03156731640113007
130204c,0.22709526891184395,0.0750490705236715,0.14271493332923707,0.06819139602276485,0.4869493312124826
1301li6,0.5226300196645762,0.15210188288850057,0.10155371400930208,0.11135825596805256,0.11235612746956858
0J00lhb,0.557774378512381,0.1474575456730025,0.07104866391620465,0.16509848422798273,0.0586209276704292
0600umh,0.052110050727806737,0.15108324251771832,0.06383765364380777,0.04149421508476457,0.6914748380259026
0K024sv,0.23299589798098064,0.05727715188250558,0.5623147977450856,0.05182635060823506,0.09558580178319304
0701790,0.12411823875350805,0.1025979345320058,0.5225590590815379,0.18645921521771586,0.0642655524152323
1301cla,0.6082981216691783,0.1225461605320309,0.10980926280210854,0.07764217092641194,0.08170428407027029
0A018t9,0.12895831226945587,0.19090421457131676,0.19016413172183141,0.40289256461387235,0.08708077682352368
1301sj1,0.1467382953829982,0.46572440397250214,0.1424785508203666,0.18544216397789082,0.05961658584624221
0G016hn,0.13194815055068196,0.6084619495697128,0.054106747608576,0.17743733808010625,0.028045814190923057
0F02qrc,0.5639032972512854,0.17265825212796135,0.1368684496763199,0.1131216686862111,0.013448332258222237
1302oal,0.5384785433025705,0.1706447207100971,0.13028530252944615,0.1016993706576157,0.058892062800270636
13019db,0.17800918755605508,0.20917725489448794,0.2803898971902428,0.2689363176659791,0.0634873426932351
0W0291g,0.3988543861914208,0.08424131806885984,0.036070507888470875,0.04772650424151447,0.433107283609734
1301j5u,0.46693358274432273,0.3571740145497557,0.049803579077397686,0.05968106256513762,0.06640776106338629
0G00v22,0.3299615862531204,0.3177709540841642,0.05723941981789964,0.17429543565248568,0.1207326041923301
0B02gv8,0.33328999476404597,0.0549212251004654,0.1738129874658773,0.2042775189230166,0.2336982737465948
1301qv8,0.09885728361436333,0.1673578406208855,0.5720193032401261,0.08093395056566341,0.08083162195896171
0A00e04,0.12227654443574228,0.6549257913546265,0.08532030333206482,0.0741603998093914,0.063316961068175
1301mu0,0.16108175593007917,0.2175555334859655,0.06819371084248636,0.42346447432774614,0.1297045254137228
0601nug,0.054208935326210385,0.049670718153125216,0.8391442436520514,0.04432063979146998,0.012655463077142975
0H01tsg,0.09108031088531299,0.34859742722676035,0.14053879439415665,0.4070519239199233,0.01273154357384666
0K02hh8,0.25639842388815637,0.2545195175342667,0.20886001185286274,0.06529125712425639,0.2149307896004578
130254f,0.0947519108167021,0.3039946543285854,0.0493167854266199,0.4933022022556459,0.058634447172446674
1301hni,0.19825863263220417,0.407794746874044,0.16253278748831856,0.18446418338507065,0.04694964962036266
1302ckn,0.35838389419389516,0.23400269497673268,0.07042802409391377,0.22385654575889136,0.11332884097656709
0F02ani,0.10433528317567345,0.6971719581007912,0.04661815185619522,0.11171480462076802,0.04015980224657205
0B01mh6,0.1815271918127808,0.13410831448708418,0.4146779993021231,0.05449000764152902,0.2151964867564829
13000jf,0.4225017460206848,0.1575765181314648,0.3149570531750747,0.05406826054451066,0.05089642212826507
130270h,0.5628918530061855,0.1898352944489763,0.06579187824705593,0.0969415837763263,0.08453939052145601
0H027kj,0.30753570868404756,0.3405485166061559,0.10436900830972756,0.16800251763723562,0.07954424876283346
0Y030tm,0.05411090081143076,0.06882099144286893,0.7220198195746713,0.12618315029952523,0.02886513787150379
13024l3,0.061002330599507174,0.36844213350792215,0.0759953131511467,0.44021196561222864,0.05434825712919531
0B0119v,0.34064660116441164,0.2536805003050435,0.1332968152624298,0.16465649934031884,0.10771958392779618
0M0249t,0.4151168905797981,0.06494682037574377,0.03116121178365347,0.12318123012494335,0.3655938471358613
0B00id8,0.2470741727352862,0.16522933676430052,0.43784053476392043,0.10332229730432409,0.0465336584321687
0C021tr,0.323868115225782,0.223332492750195,0.04781212079279845,0.3431237736173977,0.06186349761382687
0R008j9,0.25386680025175357,0.08036306371500701,0.05572204355652835,0.05014737285474352,0.5599007196219675
13002gs,0.6911210856683772,0.08517237956136933,0.08148214893742997,0.08682793271848759,0.05539645311433593
0K00a53,0.45766454067133294,0.07047197297104989,0.1327347093693082,0.07680710977668445,0.26232166721162453
0M026e8,0.21589194994098623,0.08447023322483561,0.06216737090530863,0.07761106431072862,0.5598593816181409
1301q0t,0.1991124062463442,0.4594679337299502,0.07982227192270071,0.1688523529249471,0.09274503517605778
0G01rk7,0.5504623398964448,0.1515405966100672,0.17372792986116561,0.08194316641106476,0.04232596722125776
12030o2,0.23891046582615919,0.07117688831532042,0.03806192143611595,0.1714055002695021,0.48044522415290236
0G0112e,0.5693569179100197,0.08403985435032255,0.11849926745289119,0.19916833737510564,0.028935622911660908
0700lci,0.09981495500231202,0.07555480693647239,0.7419400840559489,0.046502640981713805,0.03618751302355277
1301c9p,0.16361563883006763,0.08400642924479443,0.35760460128598204,0.381493049283083,0.013280281356072928
0G01n62,0.5463981106260482,0.1831865002182292,0.0449226885194651,0.1630047987383986,0.06248790189785895
0W01dcr,0.25908898261371516,0.14208054360887618,0.041783959124112605,0.04501796114392769,0.5120285535093684
1301quh,0.4034490556404599,0.09576627929032702,0.07435218164480081,0.040642743167969134,0.38578974025644314
1301s8a,0.1430889104164677,0.22576593950828566,0.19744316483406654,0.3491961546658586,0.08450583057532145
0A01fjn,0.20839660184033598,0.04805989728989917,0.6370450709254837,0.08594022979291449,0.02055820015136669
0T00nsl,0.07630113649458742,0.291615895385223,0.05128430560433539,0.14613887549100185,0.43465978702485236
0M023ha,0.3990312546152024,0.08020822007062609,0.17034526853889045,0.06340262047534045,0.2870126362999405
1000pb2,0.10647716191168438,0.20110734384020262,0.5569981329692899,0.07073275076117198,0.06468461051765116
13019dp,0.31378396585329155,0.06312107289850233,0.45909511483357013,0.05106251920537937,0.11293732720925667
0R015sp,0.03609120073802732,0.04819750599794435,0.8568699711772318,0.04262611446741463,0.01621520761938188
0F027v6,0.23785118206284311,0.04534011798462481,0.411968899969903,0.20943462205723662,0.09540517792539255
0F02dj3,0.5226871851815188,0.22746961226440104,0.07746433697273042,0.10456638524304444,0.06781248033830531
0G02hvg,0.5446821630738011,0.2237449825799465,0.054540012256643636,0.09928091740710956,0.07775192468249922
1301lhp,0.20770342722098167,0.43811707626086815,0.09512516150096842,0.17477260275693265,0.0842817322602492
0302kvt,0.15904013038738368,0.1004991131569725,0.46220016181225754,0.07207755799524175,0.20618303664814458
13027oq,0.6248265565619542,0.08054904772386795,0.06965486858799408,0.128899335768423,0.09607019135776086
0w01had,0.09287258963186548,0.06770064600464033,0.5189455353105882,0.3089470636041439,0.01153416544876208
1300nvp,0.43091271680036336,0.26932230186217887,0.051278808286319776,0.11142914609526902,0.13705702695586894
0F001pb,0.4976306578704912,0.20862633725419472,0.06282590226515616,0.0515829901462471,0.17933411246391082
1302j63,0.35591144907239436,0.07769723025266134,0.07970137220793995,0.07951509339269852,0.4071748550743059
1301fki,0.07137164399994786,0.09996572825401007,0.04434333664824131,0.04165384040088965,0.7426654506969111
1202v5a,0.5565872918025296,0.14514121704351374,0.09138326921246392,0.18046118680291304,0.026427035138579573
0202dsj,0.0482769496064218,0.060552398270425405,0.8204452190986298,0.04038072131389743,0.030344711710625673
1302n31,0.3070876371182286,0.049056673211530046,0.05280101908627263,0.035697573989911226,0.5553570965940574
0H02hr7,0.08940349475082893,0.19145841725213694,0.04777895011818972,0.2779550797892943,0.3934040580895502
0T00oj2,0.08516396981774554,0.3732497139025312,0.09456892039154612,0.21346205969363546,0.23355533619454166
0H007us,0.6402459114562385,0.11527907665863546,0.07683672749529384,0.11959799116056108,0.048040293229271044
0B005e2,0.2757391028731275,0.4713570112749351,0.07455608729386659,0.14117700750313855,0.037170791054932324
0000p01,0.0438537305893934,0.1199809119917922,0.7281149346777611,0.09340608709266524,0.014644335648388043
0C0283q,0.08690060948652012,0.38478332144108607,0.10985422507400314,0.08446700272005382,0.3339948412783369
0W02i9c,0.1648441206111915,0.0851177750882505,0.02281375193829282,0.13790436126467506,0.58931999109759
0G0030n,0.1517612628880383,0.16163280403099362,0.15929445516901397,0.4862524807236867,0.041058997188267395
0K01phn,0.18465172578560546,0.10356379787533417,0.4806888065998257,0.07741046057551677,0.15368520916371792
1202v82,0.4329183218280412,0.1998595559359143,0.21236117504059196,0.0831097958432569,0.07175115135219562
0R00uic,0.09496749779671274,0.3173196839941821,0.06912812579862004,0.42941348310411465,0.08917120930637047
0T01sdr,0.08420378876835038,0.3322010044002594,0.057575993028633615,0.339013097877337,0.18700611592541955
130236b,0.39282767636791854,0.11469004492219856,0.0681017821731162,0.3847645763790038,0.03961592015776288
0R020pi,0.09493327106928225,0.3732416885053612,0.13294336021672218,0.30898263854924646,0.08989904165938795
1202osk,0.14320532622973492,0.26892683839875287,0.2097170019376927,0.3054809472948132,0.07266988613900639
0J02ace,0.06832680777215079,0.45997505163901364,0.08681019675496626,0.10241753139004309,0.28247041244382626
1302had,0.37345186193395696,0.09399600309094364,0.22363004255543273,0.03637822532861363,0.27254386709105294
1302lq4,0.3561009830395279,0.17820913613703376,0.10022993993783255,0.058717040938540244,0.3067428999470655
1301j60,0.23713489274852848,0.41626459278794425,0.04299257450812354,0.24725726221572328,0.0563506777396804
1302jtq,0.18386260347262162,0.09281860888732556,0.0346320549303994,0.07541998629020379,0.6132667464194497
0C0285c,0.03802898855506842,0.07868856893952031,0.7225949868632813,0.14393576936369037,0.016751686278439558
0G02s7s,0.06675175570618097,0.4389565754242085,0.1585221846739991,0.24817112146630807,0.08759836272930338
1000euc,0.0939542224045049,0.32213542540496454,0.368471008525907,0.054443225281070574,0.16099611838355293
0Y00lj2,0.17353658801729543,0.09118492172820547,0.2875078387607337,0.08683225058536059,0.3609384009084048
1302oau,0.5449437262303148,0.17032015126415534,0.0486161345065405,0.07054477548385929,0.16557521251513005
0K021vf,0.12675871959947305,0.16393146579519063,0.2909652138661609,0.3541843768581705,0.06416022388100492
0C01q1a,0.5177174251275883,0.21719620286310107,0.12982292765233883,0.07568637661239505,0.05957706774457668
0C01mkr,0.15415174664541553,0.5342130241213151,0.2049283449590514,0.0669626943718807,0.03974418990233727
1302vl3,0.1286601607660247,0.07891285294850653,0.5473892657537023,0.07957879203044778,0.16545892850131866
1302a9c,0.5168320179545687,0.08959842285710548,0.039301087162655436,0.3172240540407725,0.03704441798489783
1302lpp,0.5448089491029332,0.09580410028286168,0.08029542020630995,0.13470493958522345,0.14438659082267175
0M009e1,0.35979690974402345,0.07067668057072801,0.07860005011959548,0.4592235818887501,0.031702777676902986
0M01glg,0.5518067430629915,0.14076076113170818,0.10614539085931982,0.16507023291152353,0.03621687203445695
13027no,0.07066780740915898,0.738046652775584,0.05431739337998358,0.11809638307495521,0.018871763360318247
0B02e6a,0.4711181596228289,0.1770042295824064,0.13834683628969854,0.11855374836818139,0.09497702613688475
0F00atr,0.4753021687940374,0.140285977970654,0.20791467268250438,0.14585122049011548,0.030645960062688788
0G00n0o,0.2750435135235647,0.11748065249825454,0.07936963916945569,0.4967790023458096,0.03132719246291555
0F02app,0.11115972480387921,0.3106065785679069,0.44662151736668715,0.08681918930311175,0.04479298995841503
0F021ds,0.5079057279120391,0.06948104517145591,0.09453613518463555,0.15963706764084173,0.1684400240910276
1301ija,0.33599101053695535,0.36001499454372354,0.08243531630632302,0.1463813507208906,0.07517732789210751
0H0148p,0.4164859618359985,0.16157136499975808,0.12559230772667068,0.05528213519134239,0.24106823024623042
0Y006cl,0.09102524628210355,0.4271486868162612,0.2621523103151857,0.05819529788878579,0.16147845869766372
1301hlt,0.2676470685632818,0.12570819157843233,0.07739804783510663,0.04114773464641031,0.48809895737676895
1302eeq,0.1159291948925664,0.12400118060839166,0.2875520484291212,0.07121727696959854,0.40130029910032233
0301ve2,0.16909830768813588,0.19222829497802368,0.36457719377004394,0.09305734244728278,0.18103886111651368
0J02066,0.16209009584932105,0.055047484561514086,0.6011906464898439,0.11823034142035721,0.06344143167896374
0A00utd,0.11613500572427352,0.06874425682489371,0.380877760234688,0.3392328274385571,0.09501014977758762
1302ao4,0.38609179974294955,0.07057187477869775,0.09295209954403841,0.03298573568932557,0.41739849024498865
1302ko4,0.49170558472212356,0.10499422627476279,0.07504794664522348,0.07674525617664768,0.25150698618124245
0Y01tif,0.3039729195472952,0.11373340027525404,0.4218583423825868,0.050864141226537186,0.10957119656832676
1000n4n,0.15366009762028443,0.2582564062761546,0.10869710071912561,0.44512343696994483,0.03426295841449052
1202unf,0.1717612369029817,0.08645097492805223,0.301679818423036,0.0981690532179133,0.3419389165280168
1301sii,0.30949922121879203,0.2837185532381539,0.05071044007782798,0.29831496888769116,0.057756816577534904
0C01721,0.0868209826670053,0.5579954806764618,0.20643610792066452,0.10328037016137535,0.045467058574492965
1301v3h,0.2887624538215006,0.35898704868861275,0.0629251067358503,0.15258700435617886,0.1367383863978575
0K02st1,0.10051874131371538,0.42107968479504543,0.15411851967636347,0.15773808136891798,0.16654497284595782
0H02cde,0.38804410066695216,0.12346243171315344,0.059398350471639716,0.03717437081432966,0.3919207463339251
0A00tc0,0.5148644249398356,0.14377080644605822,0.13253525255602758,0.1588290633906217,0.050000452667456806
1301tv6,0.16670277430567287,0.4807292044158551,0.06097876242796439,0.23935943046659383,0.052229828383913775
0801le9,0.05253621230937943,0.07651045749016283,0.728438765632581,0.11188218425232543,0.030632380315551364
1202qag,0.05638631453558755,0.41625037462427145,0.0588438081930982,0.22850826131233243,0.24001124133471036
1301mbg,0.19879650436002583,0.3771209584893307,0.08003738635752264,0.14278298801384307,0.20126216277927772
0R00aba,0.22818358623325297,0.21262503677121083,0.05304244251331365,0.19728831446798983,0.3088606200142326
1302451,0.43048017061705957,0.2636148925785471,0.09325455871802435,0.08242741249709049,0.13022296558927848
0B02erj,0.1143157451957838,0.3172113311079608,0.3787680054933843,0.13766815637881014,0.05203676182406099
0A0270f,0.285163201121306,0.14418407896862304,0.0642192842217456,0.09331801494460563,0.41311542074371976
0M0118n,0.29234843946097433,0.06393337687433692,0.40683639429714513,0.059081829592732796,0.17779995977481078
0U02cc3,0.06342853411769418,0.22019931349747102,0.5712031985070155,0.07615820803259493,0.06901074584522436
10002n3,0.265759886269134,0.1638928376535465,0.33919775049323775,0.054142047840258195,0.1770074777438235
13023ef,0.2124506072969603,0.4359362618005697,0.034804475405507095,0.2449133524062848,0.07189530309067796
0B018f8,0.2736643900886876,0.06299565044670065,0.15319534896084436,0.3820260520298798,0.12811855847388753
13007d1,0.5361288817186615,0.14775352274363573,0.09157577432668323,0.17892202860312195,0.04561979260789761
0B0222n,0.42702004788003517,0.12235329827425002,0.07760026405911695,0.34210647147389817,0.0309199183126997
0Y00g3k,0.09341566119238762,0.1932952878017845,0.5264529029086145,0.11798762935652111,0.06884851874069238
0C00lp1,0.0882581816312076,0.15668394072568786,0.3664151705632577,0.3001050349068163,0.08853767217303063
0601mh7,0.04230409111675223,0.08110831730057066,0.8034857423835167,0.04647091389213568,0.026630935307024685
0A00cnp,0.12735175744415092,0.2635833494802821,0.11675935795411066,0.2883785403325197,0.2039269947889366
13023fm,0.4224596647057137,0.18776432015581968,0.030430848476037463,0.27549491229470174,0.08385025436772738
13000j3,0.576591060186741,0.17672137403920338,0.13047601606019454,0.05626353493739472,0.059948014776466364
0301kjg,0.05457325615753362,0.1429948187931307,0.6838346076363061,0.08775260281680987,0.0308447145962197
0T026cp,0.0428647703986127,0.0652325334914217,0.029435460471409738,0.07330914435368442,0.7891580912848715
0M024pb,0.07406490616567882,0.36184728786273496,0.09930232530389405,0.3910466905034033,0.07373879016428884
0G003je,0.11970592211788197,0.37296401112517824,0.06813493197636522,0.4057213073033667,0.033473827477207924
0M00pnl,0.39049496770770353,0.06014235068529033,0.039181925143349096,0.16442166303488182,0.3457590934287752
0A015h2,0.1175428399565065,0.5151695606209439,0.20880189646835734,0.09787345023369473,0.060612252720497556
0T02qea,0.07309145618482608,0.1365281914659645,0.10125324818339258,0.046260869238048605,0.6428662349277682
1301ii9,0.6870652029385236,0.14610494586558692,0.06115643465106416,0.05257608455314356,0.053097331991681894
0Y00nr6,0.11067526469747985,0.5660735207457712,0.09823371020622348,0.09634693845000504,0.12867056590052042
0U00lcp,0.06152503658854736,0.061386433092730265,0.061051862067142026,0.047576281851555706,0.7684603864000246
10004fs,0.10938278156303133,0.11663184288871241,0.45448638940597375,0.07409803292929397,0.2454009532129885
1301qm4,0.26424643805519027,0.10943833081371945,0.14732561945542,0.066021901616435,0.41296771005923527
13016if,0.22546187783099297,0.1363024598494444,0.049855842312429566,0.561587664852376,0.026792155154757073
06008be,0.06620824639980728,0.13531284469750599,0.6841914676421809,0.10537093388993221,0.0089165073705737
0A031kn,0.3777224047200738,0.05519137189200275,0.11242145285017319,0.37597015115695354,0.07869461938079665
1301v4e,0.07593392196562844,0.31216698023084866,0.22725550759944907,0.13790592452565975,0.24673766567841413
1302m1r,0.11738918704385734,0.06464216980431582,0.04989993518802029,0.08397828752447548,0.6840904204393312
0M01e0j,0.12481828112249618,0.4493811613978942,0.12589369026314723,0.279017143484952,0.020889723731510382
1301rkq,0.20080373265914883,0.13649865355737534,0.034489634076397185,0.07557415686196019,0.5526338228451184
0A01kc4,0.1653696198646693,0.38592024352899235,0.11357570018621446,0.2870974331004501,0.048037003319673754
0C00mbq,0.33361849366087426,0.25592370944607074,0.30196395057796555,0.07059536537496357,0.03789848094012587
1300olo,0.371164134261457,0.10766241173988546,0.40911636337163404,0.0862953740422444,0.025761716584779135
0H015g4,0.18906895084288744,0.11323932548470798,0.13250953883461342,0.4465406246127982,0.11864156022499289
1301rlq,0.5162295389623246,0.05965849397626944,0.05128699986100956,0.25278992112439713,0.12003504607599925
0W029bd,0.14099535970108923,0.06522174890987631,0.051421248588445406,0.06069404187205303,0.681667600928536
0H014nv,0.4271038690992267,0.07066254180833498,0.09297339354226154,0.2888879369061025,0.12037225864407425
0H02utm,0.13449282192560674,0.5130866440486659,0.062148690332720156,0.25448115748285893,0.03579068621014829
13022k8,0.31263098620925134,0.3193270831134426,0.09290084416035524,0.0985739258343089,0.1765671606826419
130234l,0.6520601443173462,0.13123333877569232,0.11148113766256965,0.08460846327260417,0.020616915971787636
1302g47,0.07989333606535662,0.3824741728578305,0.11899667023313282,0.28563272966827585,0.13300309117540426
130235b,0.13553088147675205,0.2844083340509431,0.356657934400203,0.20742380680070746,0.015979043271394287
12030jp,0.5536330776474963,0.06897122788220941,0.07624284019185014,0.06664934884734745,0.23450350543109671
0302jej,0.12403863301574083,0.1937256378508515,0.25042482922834014,0.41675524281410914,0.015055657090958203
0M00m5a,0.6319863688436682,0.1611520767651962,0.05214130252078235,0.09512875601314072,0.05959149585721263
1301t9c,0.575990446721892,0.21056471208202435,0.04804751444967086,0.08553247186044954,0.0798648548859633
0C0060i,0.14558430777107428,0.06527498006709946,0.22428640246298706,0.2781114661875634,0.28674284351127577
13021j5,0.2673227844202203,0.10367912416798447,0.4691958058284267,0.04582543936592785,0.11397684621744072
0C025sk,0.4324647723871259,0.17786663588274118,0.05072702182324136,0.27509162448795,0.06384994541894173
0H00bg5,0.16199053808123828,0.16215000999365076,0.1885090782416381,0.09536030935934045,0.3919900643241323
1301tch,0.09086556635854606,0.6616581068925929,0.07970720794071007,0.07669645521164906,0.09107266359650185
0U02cco,0.07499967810031576,0.06035449835378157,0.7011585297215779,0.10128369556638542,0.062203598257939446
1302phc,0.23701945252840553,0.3005886537497008,0.14062116124015733,0.2710797487437263,0.05069098373801002
100021l,0.07459263350910557,0.08811236380954328,0.624161736987197,0.1920003962647558,0.021132869429398404
0C00rvg,0.13813485494236566,0.5660229042331217,0.13059458528321766,0.1510650513684731,0.014182604172821934
13025s8,0.10744886332809271,0.15164308309535224,0.05338582441855342,0.04984512862649292,0.6376771005315087
1302aad,0.20629782817530798,0.09559987663841962,0.039545466435263424,0.07943744685936402,0.579119381891645
13022k2,0.5064416232758648,0.16033041150044708,0.18276196939424094,0.08589891447903643,0.06456708135041068
0F023au,0.32991579150818495,0.10161681738252422,0.0991604208825364,0.427083388521311,0.04222358170544348
120316t,0.05705875994243561,0.5486785452347187,0.08002742954278266,0.12001826737159325,0.1942169979084697
0K0244h,0.19938387329878993,0.05377847275780154,0.031299331394397445,0.5548113554568068,0.16072696709220433
1302fa9,0.1155647160963655,0.45816641624829074,0.24473549929423843,0.12652019002167453,0.05501317833943077
0102fd2,0.02608018324167362,0.039245585250514074,0.8561647785090842,0.06869708857326896,0.009812364425459054
1302dio,0.39125251622009194,0.17422350706424455,0.12200650478866662,0.08086155628718383,0.23165591563981297
0A02k6i,0.08885908444553314,0.08637389190908014,0.04052335891143257,0.15248806478618931,0.6317555999477649
1301nd3,0.5252479058284927,0.19826652111888912,0.1570919666256294,0.06291124260205887,0.056482363824929945
1302edd,0.11069630318507281,0.35299924442217784,0.06764930397501251,0.43376075586805524,0.03489439254968161
0M01n5v,0.0903690902172058,0.4623353179284616,0.09092127384758056,0.22766854370656897,0.12870577430018304
0J00841,0.4646785189627286,0.06839670592288466,0.03583353561447334,0.1915267773617727,0.23956446213814064
0F00u8e,0.23892325410866114,0.17893852763930262,0.03791635486675592,0.4841084145501212,0.06011344883515902
0W01dd7,0.04077395153939578,0.15124046306283878,0.6481394112023079,0.11591923965725803,0.043926934538199486
0A00hb4,0.42828536329593636,0.17623928652069565,0.11916529905674299,0.22959229138852233,0.046717759738102715
0A01612,0.6121625042337511,0.09705495293349455,0.0669235629989451,0.16810906713825471,0.05574991269555467
0A00edq,0.49225611731504854,0.08641052447915376,0.04818899026727182,0.2988462998676725,0.07429806807085336
1301qve,0.0801177137963311,0.4772622167605348,0.07168403598236485,0.1962950840390777,0.17464094942169145
0A01bft,0.49539856645024855,0.2834624525342223,0.07939848919708757,0.07014263265841497,0.07159785916002658
0M0053r,0.6538324844985596,0.1611485056387383,0.06490914756452297,0.08757256382516806,0.032537298473011074
0S01f4a,0.12539321628001873,0.3719992425781949,0.12495311287154837,0.29279568010759793,0.08485874816263998
0B006ca,0.4610812986956389,0.09900076783794005,0.08356847542761164,0.3111863350740588,0.0451631229647506
0G00b5t,0.0741760118706821,0.7278529228651733,0.046447977277213066,0.11549636271334165,0.036026725273589834
0U00d54,0.08127995483245112,0.08311138717770072,0.025881228105785095,0.0372575407918748,0.7724698890921883
0H023dk,0.25750010042797816,0.16835080872266606,0.20489989753768822,0.2807712984949121,0.08847789481675547
0G018t8,0.41537983840885895,0.22488096106899355,0.10698253131883959,0.13560161358967032,0.11715505561363757
1201tab,0.11220781595275411,0.3670041713960124,0.15590341683746092,0.3366938123937892,0.02819078341998342
1301j4o,0.30718468711773717,0.2955586914204584,0.2411102636540356,0.08377820550994404,0.0723681522978248
0C006lk,0.5605774270330716,0.22987979028891903,0.07035207010092334,0.050287405402136165,0.08890330717494994
1302mlv,0.41345076739709863,0.08456957691627463,0.11786233084753192,0.08447521452114239,0.29964211031795246
0Y02589,0.18360988760374206,0.10963315652169817,0.5606893763499442,0.042085183169573145,0.10398239635504235
1202mph,0.25674707871203556,0.26742488470912906,0.3435687749916274,0.08049902564983938,0.051760235937368615
0A01b11,0.4775010026844697,0.05911205258882554,0.039475371389556965,0.10651245988580865,0.3173991134513391
0802bld,0.15789748148453395,0.1818246349780906,0.503253635572449,0.12542989304692315,0.031594354918003456
0F02sho,0.54400679791775,0.1347465299158209,0.056101114760670534,0.24731897528151267,0.017826582124245944
0K00lb4,0.2882398297606325,0.11433277256773137,0.04898266740562818,0.057116911981341216,0.49132781828466676
13028pm,0.12013113097418793,0.2022021481833428,0.05931766605251916,0.5488367591074115,0.06951229568253858
1301cl7,0.14272783969439962,0.472811501485849,0.16554917876479522,0.1776419674452788,0.041269512609677296
0J00d64,0.37006378123330386,0.07405599797771847,0.03881533641535688,0.03876366047633234,0.47830122389728846
0B027ag,0.4395531534995002,0.15622706350483934,0.058961156036348314,0.09939123757122657,0.24586738938808558
0702fpc,0.1218984408385839,0.12430265505209202,0.43863467874602274,0.20419355468897749,0.11097067067432395
1302nsm,0.11467607653202612,0.5795703089059003,0.16415829657022651,0.07222280478548991,0.06937251320635708
0J01hlo,0.644451381541572,0.12501600670709076,0.06243148026977149,0.04937916211293454,0.11872196936863119
1302ie6,0.18399604729107188,0.15999318584126399,0.04024757832151083,0.0725657471019671,0.5431974414441862
0B00cgn,0.11767280354002636,0.3651618026717749,0.13803946089428643,0.3536191424468761,0.025506790447036246
0F008ie,0.6987172664776897,0.10582213250183005,0.03324633235393261,0.11312505570076381,0.04908921296578377
0M02b8v,0.3065839458451656,0.05893331902707304,0.11861607302101379,0.3180804033152481,0.19778625879149944
0B017go,0.3472021263332812,0.13094384751575305,0.2846541270539136,0.06402354832029439,0.17317635077675775
0802hrg,0.09673245971051403,0.08653410338664776,0.7051768419741011,0.05861208377571172,0.0529445111530253
1001p5a,0.08152144294632796,0.11911530810798143,0.664938635839074,0.083241716958088,0.05118289614852853
1301f0b,0.24624079698368145,0.4494004829307725,0.1111567928436161,0.13175942972058965,0.06144249752134021
1301oqb,0.6043679682422645,0.11784602186909113,0.07259088257939088,0.161327561989344,0.043867565319909554
1302is3,0.2918944567884231,0.14591202505058937,0.2424638106906708,0.06294919985343253,0.25678050761688426
13005tc,0.18528885457907251,0.5205597736934613,0.06577337355419063,0.1683094282928424,0.060068569880433166
0G01m4q,0.4884961897567577,0.17757805947870325,0.11651289640800579,0.17247667493155472,0.04493617942497864
0Y02bv3,0.020570053466852506,0.03928547762585393,0.8993994544566538,0.03424534252884633,0.006499671921793424
0A0020c,0.20957387592643634,0.12706840167610345,0.04807983658700052,0.38253785982367094,0.2327400259867888
0C020c2,0.09929659921057964,0.5238046574682025,0.16150294468192572,0.10992929817262845,0.1054665004666637
0M0020q,0.14621213168639718,0.163832142535084,0.2930210011473959,0.2908822044575926,0.1060525201735304
11000ag,0.06583771688214671,0.0624895068052817,0.7644855450400149,0.06958559280017056,0.037601638472386144
1302fsd,0.17956960825593335,0.07835585253228133,0.05955514679291411,0.07124415577281534,0.6112752366460559
0A00g2q,0.10381586761590116,0.10433749003567747,0.4630616403358406,0.05023412564086162,0.2785508763717192
1301c81,0.35863605389391806,0.10360459326598306,0.07632180523028224,0.18121229978121398,0.2802252478286026
0100uoo,0.03695487774687189,0.07603628965975068,0.8030740018611575,0.05673482659290937,0.02720000413931049
1301dsv,0.527127972200347,0.2983912539335345,0.06786301683928993,0.08258017565892477,0.024037581367903838
0R006jd,0.21559617711525964,0.45040073647475876,0.10330077520469515,0.14165346676079665,0.08904884444448967
1301s5i,0.17127553864253486,0.11174266786788567,0.44931499022044885,0.06836053305404513,0.19930627021508554
1301ncm,0.09684429380596439,0.5150444344682288,0.06779612310800989,0.2558999705424138,0.06441517807538304
0F00e1p,0.22649751631643594,0.24362951693816887,0.1832990385768941,0.20916990815628986,0.13740402001221125
0J00lnb,0.10811920991608678,0.14241656991940638,0.08026820446853314,0.41635848981358115,0.25283752588239256
0H003v3,0.2503305200000515,0.2067392512273469,0.23749312893328992,0.08117513590530873,0.2242619639340029
0H01gnd,0.21047858553992893,0.22197175964923005,0.1816855242233527,0.3112745810359174,0.07458954955157093
0J028gf,0.4059743465969534,0.05063669439178773,0.03156104495431461,0.16376090246880687,0.34806701158813735
1301u09,0.510817579184937,0.2559106807114491,0.09379546050973057,0.09029260153086698,0.04918367806301635
0K011p8,0.15405808053758138,0.06754655219376961,0.05216954397072226,0.08419555382798727,0.6420302694699396
0J02nf0,0.16280101764613547,0.16496865185568632,0.052775057247935075,0.20072370218526064,0.4187315710649824
0F00svd,0.3603730671044668,0.17502445266909072,0.2068896505223104,0.17466267291247373,0.08305015679165835
0G015l3,0.5018613835916554,0.19996960115180282,0.10243757068547026,0.0921579276190497,0.10357351695202173
0K02k2r,0.16583021383789476,0.4076774619516732,0.09657242495682067,0.13063470676798042,0.19928519248563104
0H00q15,0.3731469703752533,0.11687463940336577,0.2597382863908371,0.15346963994433532,0.09677046388620857
0J01poo,0.07389127324949338,0.2011263342332681,0.05440990193568198,0.4230745494175987,0.2474979411639578
0K01of3,0.24776148434123457,0.07415457016359028,0.0417953031447545,0.05272088635406367,0.583567755996357
13019oe,0.07512404943435788,0.10473088705535133,0.6881334130363912,0.08736417517315131,0.04464747530074828
1300196,0.22511510625864245,0.3245666531147825,0.28571454013751396,0.05487497680669284,0.10972872368236825
0A01j0g,0.6007295013907021,0.132395131127118,0.15493943421712947,0.05125741704070916,0.06067851622434132
1301aju,0.18398607060842312,0.11298657204399223,0.04626388708120423,0.06213893982466423,0.5946245304417163
0M021uc,0.357771418000761,0.09484132778181628,0.12385004410812303,0.08682545518002337,0.33671175492927635
0F02u02,0.24421448190082967,0.27447852608609746,0.0779336475034887,0.330857584158682,0.07251576035090213
0F02g59,0.3209759092213601,0.07747465590281911,0.10413023098744775,0.4573310715178591,0.040088132370513924
0F00nk8,0.29585166955471853,0.24204513884730222,0.09060744616979749,0.32166290157668875,0.049832843851492996
0G01blp,0.515682487275501,0.228968794058384,0.03623184332756375,0.08786972245467171,0.1312471528838795
1301hm5,0.1825348139817611,0.12370202395837156,0.11200756330345817,0.05093410012383189,0.5308214986325773
130254j,0.3355078913285143,0.05476654858082445,0.06182682191678031,0.08875018955517752,0.45914854861870336
1301clh,0.6911584130791181,0.10638147235153075,0.0663985353207546,0.0901435577108135,0.045918021537783016
0B001qh,0.47388415834654896,0.10617310554960359,0.17561832607532796,0.06693114507015094,0.17739326495836857
0Y02dvt,0.06666073788500983,0.38807505809668197,0.21595094223083414,0.08036233684052273,0.24895092494695137
0C02e1m,0.6788686568569242,0.1543869867077497,0.06639325171201857,0.06373384531364507,0.03661725940966245
0S00508,0.07727803456995581,0.18406439192303203,0.045684781020787484,0.34134633044147766,0.351626462044747
1302mm8,0.06828372924639753,0.24191984003036315,0.17530523926484698,0.04805330074093635,0.46643789071745606
130019m,0.3891689286039699,0.0899478828932252,0.05320804744101296,0.3086822585131118,0.1589928825486801
0R02e5s,0.09636803549753697,0.4387805462489628,0.2097475790908582,0.16337427562078177,0.09172956354186022
0802fr9,0.11462625408993225,0.06364255274890353,0.6987908166929642,0.09486389873406863,0.028076477734131407
1302j6t,0.4715856829647903,0.08214842449914708,0.0503502429620923,0.049704003103950636,0.3462116464700197
0302qb2,0.06525320639119286,0.09890016455896682,0.5578109899455992,0.2720326652761937,0.006002973828047481
0802l8c,0.28117114276814537,0.12551001111814028,0.22336176002191044,0.17116574549805835,0.19879134059374554
0J00cb9,0.49813978345815557,0.06374223480149482,0.16752778743335048,0.12891834677241995,0.1416718475345793
10003pa,0.0590669127674832,0.12625751734144866,0.724639568375217,0.06900453605193932,0.02103146546391175
0H01hrf,0.5578568602373983,0.1463950961883119,0.06901753832446576,0.1315395465129503,0.09519095873687371
1301pv6,0.2542905189641166,0.2113671194340592,0.10661838444110577,0.36107463639768417,0.06664934076303432
1301f07,0.6023245074875379,0.21656702846027936,0.07974627896069655,0.08178603994296076,0.019576145148525445
0700ib5,0.04894159383672177,0.0796367084485651,0.747221069537163,0.07502664667003595,0.0491739815075141
1301qvn,0.13168264076064315,0.11694749628527025,0.22827057886019783,0.12632169509767632,0.39677758899621246
0Y01qt6,0.1854688387807671,0.10536878987529566,0.1723452929416392,0.16808661945052067,0.36873045895177736
1302j62,0.26286734861897537,0.12444563499666675,0.04239265147077162,0.037558580109924106,0.5327357848036622
0U002h1,0.36855418999995837,0.09005136971109784,0.06781846955292271,0.04838403138146015,0.4251919393545609
1300moh,0.10620067464601869,0.15546365554263858,0.23582384840441525,0.42944862825215807,0.07306319315476931
0M004pa,0.1250703501572654,0.5003453384954974,0.07241607569683212,0.08017739327719854,0.22199084237320654
0A021cr,0.2984007281896044,0.11250284818155819,0.1061964237638493,0.1807155634244475,0.3021844364405406
0U023hc,0.0679680885870878,0.37496466188981786,0.17230295248076116,0.2117556487454849,0.17300864829684826
0M02glt,0.24682814667856895,0.10850057730429616,0.1568044223146696,0.28372336233733847,0.20414349136512683
0M01k5e,0.5048857811325926,0.06521963819521973,0.3135944702878718,0.07594824114055627,0.04035186924375954
0G02jbc,0.294458397184707,0.3012219412594528,0.25524759452897505,0.12680221934709357,0.02226984767977153
1001mhl,0.029593688950636705,0.07802401704174662,0.8138892484250331,0.06133751875685804,0.01715552682572563
13005dk,0.5230826547441343,0.168768090641622,0.07058224616337745,0.0820653848188313,0.15550162363203504
0M028o1,0.11267091065157984,0.14677536209692754,0.07640892730879706,0.3794713515600664,0.28467344838262915
0J0038k,0.4007504613751214,0.1414612521213756,0.1049417597436981,0.09968299967142369,0.25316352708838125
0300kuc,0.04335152411891744,0.09062560717878862,0.7744988889595682,0.07036157706114164,0.02116240268158413
1000gtc,0.11524710351313316,0.27256373800794564,0.36626254378582435,0.07255361759576309,0.17337299709733384
0A02spo,0.5543126330573571,0.17052908266351247,0.060157860909989945,0.1679910678517927,0.047009355517347716
0J02bg5,0.23240830486242248,0.1473351752759936,0.2389233483362338,0.21281222185245272,0.16852094967289735
0K00ooa,0.19661532703574253,0.21670081755159384,0.3586574830402795,0.20345005048342796,0.02457632188895619
0G02ppt,0.5497600920812304,0.08827623326064193,0.06700974953954722,0.1102109800683167,0.18474294505026373
0R02090,0.11915661862579972,0.23727067615619904,0.19375372559665693,0.03735015788105125,0.4124688217402931
1302e3u,0.5657412314836676,0.10808092786983839,0.12133739043498429,0.09986687147470658,0.10497357873680321
13027o9,0.15026468836826615,0.5246891462245942,0.12636305193925745,0.1376591324215714,0.061023981046310724
1302fr3,0.2673975647326804,0.12858045068969112,0.061133197971617974,0.08260838774589188,0.4602803988601187
0C00otp,0.18776900664284635,0.1956923858116666,0.22680028326482088,0.37407576508860074,0.015662559192065474
13026hi,0.4036984575243798,0.1501594803114092,0.23854931170304083,0.0756143024126335,0.13197844804853676
0B010r1,0.2393684433286063,0.12917355824646606,0.0869754848537358,0.1332109208631625,0.4112715927080294
0201mog,0.26145293170461764,0.08073087501552785,0.46099772825452867,0.1675542135877702,0.02926425143755574
0M009hc,0.08327854072505536,0.41855517947409515,0.22426122792022196,0.2648979340016958,0.009007117878931745
0R0103j,0.1358203079484434,0.23688275073750525,0.09958298736635052,0.20067260933119555,0.32704134461650525
0B01msg,0.2570263727627846,0.063321184457407,0.09623252856186693,0.25166694568029996,0.33175296853764147
0602c4q,0.16547999857198986,0.06723640950645707,0.5810402469220083,0.14626993348828776,0.03997341151125697
1301tci,0.18571692346189633,0.49953264885321635,0.06861238202512271,0.2013117098173208,0.044826335842443776
0R00cid,0.2977355388803969,0.23743417704273387,0.194221500279813,0.0908480307839942,0.17976075301306205
1302lpe,0.26468892458001186,0.0828227331840615,0.13264045174965589,0.0845147113613102,0.4353331791249606
0702gr9,0.16978521373466993,0.11519439411954269,0.5322578181339217,0.14585891311820565,0.03690366089366
0301kbn,0.05824418893687586,0.06425609124642902,0.797517284016076,0.05524796783041292,0.02473446797020612
13026jo,0.22281451922316842,0.4010566369349512,0.05151824414719171,0.23260544837722158,0.09200515131746713
1000oip,0.06250054582676659,0.061038582501889496,0.6340292708152834,0.22608926726587275,0.016342333590187826
1302m24,0.3823920648912771,0.05716949002075469,0.06895161498138129,0.035081550601396304,0.4564052795051907
0J02566,0.46811018993307507,0.04898407649558052,0.3027795468170802,0.10331789322254223,0.07680829353172201
1300mt8,0.27402065638457423,0.32993651686237513,0.03643083399661511,0.19087706906260446,0.1687349236938311
0A01576,0.5708362982714853,0.13679301418134585,0.06796958504777566,0.16841989142357477,0.055981211075818355
0G02s7t,0.061656023445767434,0.35020988112766854,0.13012541167898795,0.05059470971176416,0.4074139740358119
13000hp,0.6257913513362198,0.11858521102797735,0.14544767138952575,0.07157371433340647,0.03860205191287074
0R01if8,0.1441472837734719,0.22784963487305246,0.08547698669088032,0.34223366424937196,0.20029243041322334
0R00alc,0.3759604498510314,0.16852395594408642,0.09564162703371334,0.09622938718389959,0.26364457998726926
1302424,0.14003816859450674,0.15637925649267886,0.3037259617370773,0.057750155076564474,0.34210645809917256
0A016ob,0.43311153273068076,0.06204273210734464,0.11215928337727765,0.12458529110103198,0.26810116068366496
1302c70,0.4897702939343689,0.0994422547451152,0.05072995683968738,0.3132583762827622,0.04679911819806633
0F00qcs,0.46206205419650215,0.29994344423083735,0.0909332374420139,0.06589700110660766,0.08116426302403901
1301qh6,0.4213538767329591,0.21434831203958607,0.11221069859640434,0.08857886234062252,0.16350825029042793
09009dn,0.038259212963639336,0.06018800267076461,0.8346853834550384,0.04491705963416433,0.02195034127639334
0000c0a,0.06389330406076932,0.13522690045478655,0.6829761117458008,0.04752742252589327,0.07037626121275017
